{
  "layouts": [
    {
      "layout_name": "layout_0",
      "assets": [
        {
          "asset_kind": "scenes",
          "asset_name": "downtown-12w-blackbg-rectified",
          "ply_suffix": "point_cloud/iteration_120000/fused.ply",
          "bundle_kind": "scenes",
          "bundle_name": "downtown-12w-blackbg-rectified_250414-183203_iter640_nginc4096_ncincg2",
          "instances": [
            {
              "instance_name": "downtown_0",
              "scale": 1.0,
              "quaternions": [
                1.0,
                0.0,
                0.0,
                0.0
              ],
              "positions": [
                0.0,
                0.0,
                0.0
              ]
            }
          ]
        }
      ],
      "cameras": [
        {
          "camera_name": "camera_0",
          "camera_width": 1920,
          "camera_height": 1080,
          "camera_angle_x": 0.7853981852531433,
          "camera_angle_y": 0.45782234845589415,
          "transform_matrix": [
            [
              0.97376549243927,
              0.08061613887548447,
              -0.21279557049274445,
              -0.562889575958252
            ],
            [
              -0.22755420207977295,
              0.34497806429862976,
              -0.9106093049049377,
              -2.408755302429199
            ],
            [
              0.0,
              0.9351423978805542,
              0.35427218675613403,
              1.0371253490447998
            ],
            [
              0.0,
              0.0,
              0.0,
              1.0
            ]
          ]
        },
        {
          "camera_name": "camera_1",
          "camera_width": 1920,
          "camera_height": 1080,
          "camera_angle_x": 0.7853981852531433,
          "camera_angle_y": 0.45782234845589415,
          "transform_matrix": [
            [
              0.9658700823783875,
              0.09822673350572586,
              -0.23968006670475006,
              -0.6317855715751648
            ],
            [
              -0.2590270936489105,
              0.36627161502838135,
              -0.8937281966209412,
              -2.3558261394500732
            ],
            [
              0.0,
              0.9253090023994446,
              0.37921416759490967,
              1.0995910167694092
            ],
            [
              0.0,
              0.0,
              0.0,
              1.0
            ]
          ]
        },
        {
          "camera_name": "camera_2",
          "camera_width": 1920,
          "camera_height": 1080,
          "camera_angle_x": 0.7853981852531433,
          "camera_angle_y": 0.45782234845589415,
          "transform_matrix": [
            [
              0.9566971063613892,
              0.11750175803899765,
              -0.2663157284259796,
              -0.7006815075874329
            ],
            [
              -0.29108545184135437,
              0.3861875534057617,
              -0.8752875328063965,
              -2.3028972148895264
            ],
            [
              0.0,
              0.9149056673049927,
              0.40366753935813904,
              1.162056565284729
            ],
            [
              0.0,
              0.0,
              0.0,
              1.0
            ]
          ]
        },
        {
          "camera_name": "camera_3",
          "camera_width": 1920,
          "camera_height": 1080,
          "camera_angle_x": 0.7853981852531433,
          "camera_angle_y": 0.45782234845589415,
          "transform_matrix": [
            [
              0.9461831450462341,
              0.1383543163537979,
              -0.29256728291511536,
              -0.7695775032043457
            ],
            [
              -0.32363182306289673,
              0.40449827909469604,
              -0.8553616404533386,
              -2.2499680519104004
            ],
            [
              -7.450580596923828e-09,
              0.9040128588676453,
              0.4275052547454834,
              1.2245222330093384
            ],
            [
              0.0,
              0.0,
              0.0,
              1.0
            ]
          ]
        },
        {
          "camera_name": "camera_4",
          "camera_width": 1920,
          "camera_height": 1080,
          "camera_angle_x": 0.7853981852531433,
          "camera_angle_y": 0.45782234845589415,
          "transform_matrix": [
            [
              0.9352893829345703,
              0.15894880890846252,
              -0.31617894768714905,
              -0.8379950523376465
            ],
            [
              -0.3538839817047119,
              0.4200900197029114,
              -0.8356377482414246,
              -2.214759349822998
            ],
            [
              0.0,
              0.8934537172317505,
              0.44915518164634705,
              1.2904329299926758
            ],
            [
              0.0,
              0.0,
              0.0,
              1.0
            ]
          ]
        },
        {
          "camera_name": "camera_5",
          "camera_width": 1920,
          "camera_height": 1080,
          "camera_angle_x": 0.7853981852531433,
          "camera_angle_y": 0.45782234845589415,
          "transform_matrix": [
            [
              0.9244489073753357,
              0.1786053627729416,
              -0.3368891775608063,
              -0.9059568643569946
            ],
            [
              -0.38130590319633484,
              0.4330158829689026,
              -0.816763699054718,
              -2.196427583694458
            ],
            [
              -1.4901159417490817e-08,
              0.8835143446922302,
              0.46840429306030273,
              1.359625220298767
            ],
            [
              0.0,
              0.0,
              0.0,
              1.0
            ]
          ]
        },
        {
          "camera_name": "camera_6",
          "camera_width": 1920,
          "camera_height": 1080,
          "camera_angle_x": 0.7853981852531433,
          "camera_angle_y": 0.45782234845589415,
          "transform_matrix": [
            [
              0.912895143032074,
              0.19861403107643127,
              -0.35661581158638,
              -0.9739186763763428
            ],
            [
              -0.40819400548934937,
              0.4441852867603302,
              -0.7975443601608276,
              -2.178095579147339
            ],
            [
              0.0,
              0.8736429214477539,
              0.4865676760673523,
              1.4288175106048584
            ],
            [
              0.0,
              0.0,
              0.0,
              1.0
            ]
          ]
        },
        {
          "camera_name": "camera_7",
          "camera_width": 1920,
          "camera_height": 1080,
          "camera_angle_x": 0.7853981852531433,
          "camera_angle_y": 0.45782234845589415,
          "transform_matrix": [
            [
              0.9006763696670532,
              0.21883538365364075,
              -0.37535732984542847,
              -1.041880488395691
            ],
            [
              -0.4344905912876129,
              0.4536343812942505,
              -0.7780961990356445,
              -2.159764051437378
            ],
            [
              1.4901161193847656e-08,
              0.8639021515846252,
              0.5036596059799194,
              1.4980095624923706
            ],
            [
              0.0,
              0.0,
              0.0,
              1.0
            ]
          ]
        },
        {
          "camera_name": "camera_8",
          "camera_width": 1920,
          "camera_height": 1080,
          "camera_angle_x": 0.7853981852531433,
          "camera_angle_y": 0.45782234845589415,
          "transform_matrix": [
            [
              0.8878442645072937,
              0.23913882672786713,
              -0.3931223452091217,
              -1.1098424196243286
            ],
            [
              -0.4601440727710724,
              0.46141642332077026,
              -0.7585263848304749,
              -2.141432046890259
            ],
            [
              0.0,
              0.8543462157249451,
              0.5197042226791382,
              1.567201852798462
            ],
            [
              0.0,
              0.0,
              0.0,
              1.0
            ]
          ]
        },
        {
          "camera_name": "camera_9",
          "camera_width": 1920,
          "camera_height": 1080,
          "camera_angle_x": 0.7853981852531433,
          "camera_angle_y": 0.45782234845589415,
          "transform_matrix": [
            [
              0.8744536638259888,
              0.2594035863876343,
              -0.40992748737335205,
              -1.1778042316436768
            ],
            [
              -0.48510903120040894,
              0.4675988554954529,
              -0.7389320135116577,
              -2.123100519180298
            ],
            [
              1.4901159417490817e-08,
              0.8450214266777039,
              0.534732460975647,
              1.6363940238952637
            ],
            [
              0.0,
              0.0,
              0.0,
              1.0
            ]
          ]
        },
        {
          "camera_name": "camera_10",
          "camera_width": 1920,
          "camera_height": 1080,
          "camera_angle_x": 0.7853981852531433,
          "camera_angle_y": 0.45782234845589415,
          "transform_matrix": [
            [
              0.8609341382980347,
              0.2790207266807556,
              -0.42537036538124084,
              -1.2454383373260498
            ],
            [
              -0.5087166428565979,
              0.47220489382743835,
              -0.7198818922042847,
              -2.107736110687256
            ],
            [
              -1.4901162970204496e-08,
              0.8361638784408569,
              0.5484796166419983,
              1.7058889865875244
            ],
            [
              0.0,
              0.0,
              0.0,
              1.0
            ]
          ]
        },
        {
          "camera_name": "camera_11",
          "camera_width": 1920,
          "camera_height": 1080,
          "camera_angle_x": 0.7853981852531433,
          "camera_angle_y": 0.45782234845589415,
          "transform_matrix": [
            [
              0.847679615020752,
              0.29751941561698914,
              -0.43922823667526245,
              -1.3125337362289429
            ],
            [
              -0.5305085182189941,
              0.4753951132297516,
              -0.701826274394989,
              -2.0972483158111572
            ],
            [
              1.4901161193847656e-08,
              0.8279382586479187,
              0.5608192086219788,
              1.7758806943893433
            ],
            [
              0.0,
              0.0,
              0.0,
              1.0
            ]
          ]
        },
        {
          "camera_name": "camera_12",
          "camera_width": 1920,
          "camera_height": 1080,
          "camera_angle_x": 0.7853981852531433,
          "camera_angle_y": 0.45782234845589415,
          "transform_matrix": [
            [
              0.8341741561889648,
              0.3156290054321289,
              -0.4522518813610077,
              -1.3796288967132568
            ],
            [
              -0.5515011548995972,
              0.4774053394794464,
              -0.6840544939041138,
              -2.0867605209350586
            ],
            [
              2.9802322387695312e-08,
              0.8200381398200989,
              0.5723089575767517,
              1.845872402191162
            ],
            [
              0.0,
              0.0,
              0.0,
              1.0
            ]
          ]
        },
        {
          "camera_name": "camera_13",
          "camera_width": 1920,
          "camera_height": 1080,
          "camera_angle_x": 0.7853981852531433,
          "camera_angle_y": 0.45782234845589415,
          "transform_matrix": [
            [
              0.8204676508903503,
              0.33329716324806213,
              -0.46448445320129395,
              -1.4467244148254395
            ],
            [
              -0.571692943572998,
              0.47833287715911865,
              -0.6666069030761719,
              -2.076272964477539
            ],
            [
              0.0,
              0.8124719262123108,
              0.5830002427101135,
              1.9158642292022705
            ],
            [
              0.0,
              0.0,
              0.0,
              1.0
            ]
          ]
        },
        {
          "camera_name": "camera_14",
          "camera_width": 1920,
          "camera_height": 1080,
          "camera_angle_x": 0.7853981852531433,
          "camera_angle_y": 0.45782234845589415,
          "transform_matrix": [
            [
              0.8066078424453735,
              0.35048121213912964,
              -0.47596922516822815,
              -1.513819694519043
            ],
            [
              -0.5910869836807251,
              0.4782729148864746,
              -0.6495161056518555,
              -2.0657854080200195
            ],
            [
              0.0,
              0.8052440285682678,
              0.5929434895515442,
              1.985856294631958
            ],
            [
              0.0,
              0.0,
              0.0,
              1.0
            ]
          ]
        },
        {
          "camera_name": "camera_15",
          "camera_width": 1920,
          "camera_height": 1080,
          "camera_angle_x": 0.7853981852531433,
          "camera_angle_y": 0.45782234845589415,
          "transform_matrix": [
            [
              0.7926394939422607,
              0.36714819073677063,
              -0.4867492914199829,
              -1.580915093421936
            ],
            [
              -0.6096906065940857,
              0.477317750453949,
              -0.6328073143959045,
              -2.055297613143921
            ],
            [
              1.4901161193847656e-08,
              0.7983545064926147,
              0.6021876335144043,
              2.0558478832244873
            ],
            [
              0.0,
              0.0,
              0.0,
              1.0
            ]
          ]
        },
        {
          "camera_name": "camera_16",
          "camera_width": 1920,
          "camera_height": 1080,
          "camera_angle_x": 0.7853981852531433,
          "camera_angle_y": 0.45782234845589415,
          "transform_matrix": [
            [
              0.7786046862602234,
              0.38327351212501526,
              -0.4968664348125458,
              -1.648010492324829
            ],
            [
              -0.6275148391723633,
              0.4755561649799347,
              -0.6164993643760681,
              -2.0448100566864014
            ],
            [
              0.0,
              0.7918003797531128,
              0.6107799410820007,
              2.1258397102355957
            ],
            [
              0.0,
              0.0,
              0.0,
              1.0
            ]
          ]
        },
        {
          "camera_name": "camera_17",
          "camera_width": 1920,
          "camera_height": 1080,
          "camera_angle_x": 0.7853981852531433,
          "camera_angle_y": 0.45782234845589415,
          "transform_matrix": [
            [
              0.7645421028137207,
              0.3988400399684906,
              -0.5063614249229431,
              -1.7151058912277222
            ],
            [
              -0.6445737481117249,
              0.4730723798274994,
              -0.6006057262420654,
              -2.0343222618103027
            ],
            [
              0.0,
              0.7855757474899292,
              0.6187654733657837,
              2.195831537246704
            ],
            [
              0.0,
              0.0,
              0.0,
              1.0
            ]
          ]
        },
        {
          "camera_name": "camera_18",
          "camera_width": 1920,
          "camera_height": 1080,
          "camera_angle_x": 0.7853981852531433,
          "camera_angle_y": 0.45782234845589415,
          "transform_matrix": [
            [
              0.7504879236221313,
              0.41383713483810425,
              -0.51527339220047,
              -1.7822010517120361
            ],
            [
              -0.6608842015266418,
              0.4699458181858063,
              -0.5851349830627441,
              -2.023834705352783
            ],
            [
              0.0,
              0.7796728610992432,
              0.6261870265007019,
              2.2658233642578125
            ],
            [
              0.0,
              0.0,
              0.0,
              1.0
            ]
          ]
        },
        {
          "camera_name": "camera_19",
          "camera_width": 1920,
          "camera_height": 1080,
          "camera_angle_x": 0.7853981852531433,
          "camera_angle_y": 0.45782234845589415,
          "transform_matrix": [
            [
              0.7366178035736084,
              0.4281221330165863,
              -0.5235510468482971,
              -1.8491995334625244
            ],
            [
              -0.67630934715271,
              0.46629899740219116,
              -0.5702375769615173,
              -2.0140979290008545
            ],
            [
              0.0,
              0.7741296887397766,
              0.6330270171165466,
              2.335872173309326
            ],
            [
              0.0,
              0.0,
              0.0,
              1.0
            ]
          ]
        },
        {
          "camera_name": "camera_20",
          "camera_width": 1920,
          "camera_height": 1080,
          "camera_angle_x": 0.7853981852531433,
          "camera_angle_y": 0.45782234845589415,
          "transform_matrix": [
            [
              0.7233226299285889,
              0.4413727819919586,
              -0.5310314893722534,
              -1.9158680438995361
            ],
            [
              -0.6905102729797363,
              0.4623464047908783,
              -0.5562655925750732,
              -2.0069081783294678
            ],
            [
              1.4901161193847656e-08,
              0.7690421342849731,
              0.6391980051994324,
              2.406113624572754
            ],
            [
              0.0,
              0.0,
              0.0,
              1.0
            ]
          ]
        },
        {
          "camera_name": "camera_21",
          "camera_width": 1920,
          "camera_height": 1080,
          "camera_angle_x": 0.7853981852531433,
          "camera_angle_y": 0.45782234845589415,
          "transform_matrix": [
            [
              0.7101510763168335,
              0.45406949520111084,
              -0.5380579233169556,
              -1.982536792755127
            ],
            [
              -0.7040493488311768,
              0.45800477266311646,
              -0.5427210927009583,
              -1.9997187852859497
            ],
            [
              0.0,
              0.7642333507537842,
              0.6449398398399353,
              2.47635555267334
            ],
            [
              0.0,
              0.0,
              0.0,
              1.0
            ]
          ]
        },
        {
          "camera_name": "camera_22",
          "camera_width": 1920,
          "camera_height": 1080,
          "camera_angle_x": 0.7853981852531433,
          "camera_angle_y": 0.45782234845589415,
          "transform_matrix": [
            [
              0.6971227526664734,
              0.4662228524684906,
              -0.5446614027023315,
              -2.0492053031921387
            ],
            [
              -0.716951847076416,
              0.45332834124565125,
              -0.5295974612236023,
              -1.9925293922424316
            ],
            [
              1.4901162970204496e-08,
              0.7596904635429382,
              0.6502847671508789,
              2.5465967655181885
            ],
            [
              0.0,
              0.0,
              0.0,
              1.0
            ]
          ]
        },
        {
          "camera_name": "camera_23",
          "camera_width": 1920,
          "camera_height": 1080,
          "camera_angle_x": 0.7853981852531433,
          "camera_angle_y": 0.45782234845589415,
          "transform_matrix": [
            [
              0.6842542886734009,
              0.47784623503685,
              -0.5508711338043213,
              -2.1158742904663086
            ],
            [
              -0.7292435169219971,
              0.4483664631843567,
              -0.5168862342834473,
              -1.9853397607803345
            ],
            [
              0.0,
              0.7554009556770325,
              0.65526282787323,
              2.6168384552001953
            ],
            [
              0.0,
              0.0,
              0.0,
              1.0
            ]
          ]
        },
        {
          "camera_name": "camera_24",
          "camera_width": 1920,
          "camera_height": 1080,
          "camera_angle_x": 0.7853981852531433,
          "camera_angle_y": 0.45782234845589415,
          "transform_matrix": [
            [
              0.6715606451034546,
              0.48895391821861267,
              -0.556713879108429,
              -2.1825428009033203
            ],
            [
              -0.7409496307373047,
              0.44316399097442627,
              -0.5045783519744873,
              -1.978150486946106
            ],
            [
              -1.4901161193847656e-08,
              0.7513519525527954,
              0.6599016189575195,
              2.687080144882202
            ],
            [
              0.0,
              0.0,
              0.0,
              1.0
            ]
          ]
        },
        {
          "camera_name": "camera_25",
          "camera_width": 1920,
          "camera_height": 1080,
          "camera_angle_x": 0.7853981852531433,
          "camera_angle_y": 0.45782234845589415,
          "transform_matrix": [
            [
              0.6590538024902344,
              0.49956214427948,
              -0.5622149705886841,
              -2.249211311340332
            ],
            [
              -0.7520958185195923,
              0.4377611577510834,
              -0.4926632046699524,
              -1.9709607362747192
            ],
            [
              0.0,
              0.7475311756134033,
              0.6642266511917114,
              2.757321834564209
            ],
            [
              0.0,
              0.0,
              0.0,
              1.0
            ]
          ]
        },
        {
          "camera_name": "camera_26",
          "camera_width": 1920,
          "camera_height": 1080,
          "camera_angle_x": 0.7853981852531433,
          "camera_angle_y": 0.45782234845589415,
          "transform_matrix": [
            [
              0.6467442512512207,
              0.5096877813339233,
              -0.5673977732658386,
              -2.3158798217773438
            ],
            [
              -0.762706995010376,
              0.432194322347641,
              -0.48113003373146057,
              -1.9637709856033325
            ],
            [
              0.0,
              0.7439264059066772,
              0.6682615280151367,
              2.8275630474090576
            ],
            [
              0.0,
              0.0,
              0.0,
              1.0
            ]
          ]
        },
        {
          "camera_name": "camera_27",
          "camera_width": 1920,
          "camera_height": 1080,
          "camera_angle_x": 0.7853981852531433,
          "camera_angle_y": 0.45782234845589415,
          "transform_matrix": [
            [
              0.6346401572227478,
              0.5193484425544739,
              -0.5722839832305908,
              -2.3825488090515137
            ],
            [
              -0.7728078365325928,
              0.4264959394931793,
              -0.4699673652648926,
              -1.9565812349319458
            ],
            [
              -1.4901162970204496e-08,
              0.7405257225036621,
              0.6720278859138489,
              2.8978052139282227
            ],
            [
              0.0,
              0.0,
              0.0,
              1.0
            ]
          ]
        },
        {
          "camera_name": "camera_28",
          "camera_width": 1920,
          "camera_height": 1080,
          "camera_angle_x": 0.7853981852531433,
          "camera_angle_y": 0.45782234845589415,
          "transform_matrix": [
            [
              0.6227486729621887,
              0.5285617709159851,
              -0.5768937468528748,
              -2.4492173194885254
            ],
            [
              -0.7824219465255737,
              0.4206951856613159,
              -0.4591638147830963,
              -1.9493918418884277
            ],
            [
              0.0,
              0.7373180985450745,
              0.6755456328392029,
              2.9680464267730713
            ],
            [
              0.0,
              0.0,
              0.0,
              1.0
            ]
          ]
        },
        {
          "camera_name": "camera_29",
          "camera_width": 1920,
          "camera_height": 1080,
          "camera_angle_x": 0.7853981852531433,
          "camera_angle_y": 0.45782234845589415,
          "transform_matrix": [
            [
              0.6110748648643494,
              0.5373461842536926,
              -0.5812457203865051,
              -2.515886068344116
            ],
            [
              -0.7915729284286499,
              0.41481804847717285,
              -0.4487074315547943,
              -1.9422022104263306
            ],
            [
              -1.4901162970204496e-08,
              0.734292209148407,
              0.6788334250450134,
              3.038288116455078
            ],
            [
              0.0,
              0.0,
              0.0,
              1.0
            ]
          ]
        },
        {
          "camera_name": "camera_30",
          "camera_width": 1920,
          "camera_height": 1080,
          "camera_angle_x": 0.7853981852531433,
          "camera_angle_y": 0.45782234845589415,
          "transform_matrix": [
            [
              0.5996225476264954,
              0.5457194447517395,
              -0.5853571891784668,
              -2.5825541019439697
            ],
            [
              -0.800282895565033,
              0.40888750553131104,
              -0.43858662247657776,
              -1.9350128173828125
            ],
            [
              0.0,
              0.7314379215240479,
              0.6819080710411072,
              3.108529567718506
            ],
            [
              0.0,
              0.0,
              0.0,
              1.0
            ]
          ]
        },
        {
          "camera_name": "camera_31",
          "camera_width": 1920,
          "camera_height": 1080,
          "camera_angle_x": 0.7853981852531433,
          "camera_angle_y": 0.45782234845589415,
          "transform_matrix": [
            [
              0.5886879563331604,
              0.5535027980804443,
              -0.5891358256340027,
              -2.649043083190918
            ],
            [
              -0.8083604574203491,
              0.4030880928039551,
              -0.42903783917427063,
              -1.929164171218872
            ],
            [
              0.0,
              0.7288035154342651,
              0.6847227811813354,
              3.1788487434387207
            ],
            [
              0.0,
              0.0,
              0.0,
              1.0
            ]
          ]
        },
        {
          "camera_name": "camera_32",
          "camera_width": 1920,
          "camera_height": 1080,
          "camera_angle_x": 0.7853981852531433,
          "camera_angle_y": 0.45782234845589415,
          "transform_matrix": [
            [
              0.5780593752861023,
              0.5608691573143005,
              -0.5926830768585205,
              -2.715482473373413
            ],
            [
              -0.8159947395324707,
              0.39732566475868225,
              -0.4198629856109619,
              -1.9236764907836914
            ],
            [
              0.0,
              0.7263320684432983,
              0.6873440146446228,
              3.24918794631958
            ],
            [
              0.0,
              0.0,
              0.0,
              1.0
            ]
          ]
        },
        {
          "camera_name": "camera_33",
          "camera_width": 1920,
          "camera_height": 1080,
          "camera_angle_x": 0.7853981852531433,
          "camera_angle_y": 0.45782234845589415,
          "transform_matrix": [
            [
              0.5676571130752563,
              0.5678898096084595,
              -0.5960424542427063,
              -2.7819223403930664
            ],
            [
              -0.8232651352882385,
              0.39157089591026306,
              -0.4109826683998108,
              -1.9181886911392212
            ],
            [
              1.4901161193847656e-08,
              0.7239981889724731,
              0.689801812171936,
              3.3195276260375977
            ],
            [
              0.0,
              0.0,
              0.0,
              1.0
            ]
          ]
        },
        {
          "camera_name": "camera_34",
          "camera_width": 1920,
          "camera_height": 1080,
          "camera_angle_x": 0.7853981852531433,
          "camera_angle_y": 0.45782234845589415,
          "transform_matrix": [
            [
              0.5574802756309509,
              0.5745813846588135,
              -0.5992261171340942,
              -2.8483622074127197
            ],
            [
              -0.8301902413368225,
              0.3858366310596466,
              -0.40238577127456665,
              -1.9127010107040405
            ],
            [
              1.4901162970204496e-08,
              0.7217937707901001,
              0.6921080350875854,
              3.389867067337036
            ],
            [
              0.0,
              0.0,
              0.0,
              1.0
            ]
          ]
        },
        {
          "camera_name": "camera_35",
          "camera_width": 1920,
          "camera_height": 1080,
          "camera_angle_x": 0.7853981852531433,
          "camera_angle_y": 0.45782234845589415,
          "transform_matrix": [
            [
              0.5475271344184875,
              0.5809597373008728,
              -0.6022456288337708,
              -2.914802074432373
            ],
            [
              -0.8367879390716553,
              0.38013359904289246,
              -0.3940613865852356,
              -1.9072133302688599
            ],
            [
              1.4901161193847656e-08,
              0.719711184501648,
              0.6942735314369202,
              3.4602067470550537
            ],
            [
              0.0,
              0.0,
              0.0,
              1.0
            ]
          ]
        },
        {
          "camera_name": "camera_36",
          "camera_width": 1920,
          "camera_height": 1080,
          "camera_angle_x": 0.7853981852531433,
          "camera_angle_y": 0.45782234845589415,
          "transform_matrix": [
            [
              0.5377954840660095,
              0.5870401859283447,
              -0.605111300945282,
              -2.981241226196289
            ],
            [
              -0.8430753946304321,
              0.37447136640548706,
              -0.3859988749027252,
              -1.9017256498336792
            ],
            [
              1.4901162970204496e-08,
              0.7177429795265198,
              0.6963080763816833,
              3.530546188354492
            ],
            [
              0.0,
              0.0,
              0.0,
              1.0
            ]
          ]
        },
        {
          "camera_name": "camera_37",
          "camera_width": 1920,
          "camera_height": 1080,
          "camera_angle_x": 0.7853981852531433,
          "camera_angle_y": 0.45782234845589415,
          "transform_matrix": [
            [
              0.5282823443412781,
              0.5928376317024231,
              -0.6078332662582397,
              -3.0476815700531006
            ],
            [
              -0.8490687608718872,
              0.36885780096054077,
              -0.37818795442581177,
              -1.896237850189209
            ],
            [
              0.0,
              0.7158823013305664,
              0.6982209086418152,
              3.6008858680725098
            ],
            [
              0.0,
              0.0,
              0.0,
              1.0
            ]
          ]
        },
        {
          "camera_name": "camera_38",
          "camera_width": 1920,
          "camera_height": 1080,
          "camera_angle_x": 0.7853981852531433,
          "camera_angle_y": 0.45782234845589415,
          "transform_matrix": [
            [
              0.5189849138259888,
              0.598365843296051,
              -0.6104202270507812,
              -3.114121198654175
            ],
            [
              -0.8547834157943726,
              0.36330002546310425,
              -0.37061890959739685,
              -1.8907501697540283
            ],
            [
              0.0,
              0.7141227722167969,
              0.7000203728675842,
              3.6712253093719482
            ],
            [
              0.0,
              0.0,
              0.0,
              1.0
            ]
          ]
        },
        {
          "camera_name": "camera_39",
          "camera_width": 1920,
          "camera_height": 1080,
          "camera_angle_x": 0.7853981852531433,
          "camera_angle_y": 0.45782234845589415,
          "transform_matrix": [
            [
              0.5098996162414551,
              0.6036385893821716,
              -0.6128807663917542,
              -3.180560827255249
            ],
            [
              -0.8602339029312134,
              0.35780394077301025,
              -0.3632822036743164,
              -1.8852624893188477
            ],
            [
              0.0,
              0.7124583125114441,
              0.7017143368721008,
              3.7415647506713867
            ],
            [
              0.0,
              0.0,
              0.0,
              1.0
            ]
          ]
        },
        {
          "camera_name": "camera_40",
          "camera_width": 1920,
          "camera_height": 1080,
          "camera_angle_x": 0.7853981852531433,
          "camera_angle_y": 0.45782234845589415,
          "transform_matrix": [
            [
              0.5010227560997009,
              0.6086684465408325,
              -0.6152226328849792,
              -3.2470006942749023
            ],
            [
              -0.8654341101646423,
              0.3523743152618408,
              -0.3561686873435974,
              -1.8797746896743774
            ],
            [
              1.4901161193847656e-08,
              0.710883378982544,
              0.7033098340034485,
              3.811904191970825
            ],
            [
              0.0,
              0.0,
              0.0,
              1.0
            ]
          ]
        },
        {
          "camera_name": "camera_41",
          "camera_width": 1920,
          "camera_height": 1080,
          "camera_angle_x": 0.7853981852531433,
          "camera_angle_y": 0.45782234845589415,
          "transform_matrix": [
            [
              0.4923504590988159,
              0.613467812538147,
              -0.6174530386924744,
              -3.3134405612945557
            ],
            [
              -0.8703970909118652,
              0.347015380859375,
              -0.34926965832710266,
              -1.8742871284484863
            ],
            [
              1.4901161193847656e-08,
              0.7093924283981323,
              0.7048136591911316,
              3.882244110107422
            ],
            [
              0.0,
              0.0,
              0.0,
              1.0
            ]
          ]
        },
        {
          "camera_name": "camera_42",
          "camera_width": 1920,
          "camera_height": 1080,
          "camera_angle_x": 0.7853981852531433,
          "camera_angle_y": 0.45782234845589415,
          "transform_matrix": [
            [
              0.4838786721229553,
              0.6180482506752014,
              -0.6195787191390991,
              -3.379880428314209
            ],
            [
              -0.875135064125061,
              0.341730535030365,
              -0.3425767421722412,
              -1.8687994480133057
            ],
            [
              1.4901159417490817e-08,
              0.707980751991272,
              0.7062317132949829,
              3.9525833129882812
            ],
            [
              0.0,
              0.0,
              0.0,
              1.0
            ]
          ]
        },
        {
          "camera_name": "camera_43",
          "camera_width": 1920,
          "camera_height": 1080,
          "camera_angle_x": 0.7853981852531433,
          "camera_angle_y": 0.45782234845589415,
          "transform_matrix": [
            [
              0.47560322284698486,
              0.6224209070205688,
              -0.6216057538986206,
              -3.446319580078125
            ],
            [
              -0.8796599507331848,
              0.33652254939079285,
              -0.3360818028450012,
              -1.8633116483688354
            ],
            [
              1.4901161193847656e-08,
              0.7066434025764465,
              0.7075698375701904,
              4.022922992706299
            ],
            [
              0.0,
              0.0,
              0.0,
              1.0
            ]
          ]
        },
        {
          "camera_name": "camera_44",
          "camera_width": 1920,
          "camera_height": 1080,
          "camera_angle_x": 0.7853981852531433,
          "camera_angle_y": 0.45782234845589415,
          "transform_matrix": [
            [
              0.4676733613014221,
              0.6265202760696411,
              -0.6235014796257019,
              -3.512665033340454
            ],
            [
              -0.8839013576507568,
              0.33149269223213196,
              -0.3298954367637634,
              -1.858555555343628
            ],
            [
              0.0,
              0.7053971290588379,
              0.7088122963905334,
              4.093286514282227
            ],
            [
              0.0,
              0.0,
              0.0,
              1.0
            ]
          ]
        },
        {
          "camera_name": "camera_45",
          "camera_width": 1920,
          "camera_height": 1080,
          "camera_angle_x": 0.7853981852531433,
          "camera_angle_y": 0.45782234845589415,
          "transform_matrix": [
            [
              0.4599677622318268,
              0.6304177641868591,
              -0.625302255153656,
              -3.578986406326294
            ],
            [
              -0.8879356384277344,
              0.3265685439109802,
              -0.3239186108112335,
              -1.8539838790893555
            ],
            [
