{
  "layouts": [
    {
      "layout_name": "layout_0",
      "assets": [
        {
          "asset_kind": "matrixcity",
          "asset_name": "matrixcity-12w-blackbg-rectified",
          "ply_suffix": "point_cloud/iteration_120000/fused.ply",
          "bundle_kind": "matrixcity",
          "bundle_name": "matrixcity-12w-blackbg-rectified_250414-183146_iter640_nginc4096_ncincg2",
          "instances": [
            {
              "instance_name": "matrixcity-cropped_0.00_0.00",
              "scale": 1.0,
              "quaternions": [
                1.0,
                0.0,
                0.0,
                0.0
              ],
              "positions": [
                0.0,
                0.0,
                0.0
              ]
            }
          ]
        }
      ],
      "cameras": [
        {
          "camera_name": "camera_0",
          "camera_width": 1920,
          "camera_height": 1080,
          "camera_angle_x": 0.7853981852531433,
          "camera_angle_y": 0.45782234845589415,
          "transform_matrix": [
            [
              0.02980336919426918,
              -0.5638457536697388,
              0.8253421783447266,
              3.112292766571045
            ],
            [
              0.9995558261871338,
              0.016811970621347427,
              -0.024608910083770752,
              -0.09279803931713104
            ],
            [
              9.313225746154785e-10,
              0.8257090449333191,
              0.5640963315963745,
              2.2271575927734375
            ],
            [
              0.0,
              0.0,
              0.0,
              1.0
            ]
          ]
        },
        {
          "camera_name": "camera_1",
          "camera_width": 1920,
          "camera_height": 1080,
          "camera_angle_x": 0.7853981852531433,
          "camera_angle_y": 0.45782234845589415,
          "transform_matrix": [
            [
              0.05597978085279465,
              -0.5863440036773682,
              0.8081256747245789,
              3.0266098976135254
            ],
            [
              0.998431921005249,
              0.03287496045231819,
              -0.045309748500585556,
              -0.16969506442546844
            ],
            [
              0.0,
              0.8093948364257812,
              0.5872648358345032,
              2.2994370460510254
            ],
            [
              0.0,
              0.0,
              0.0,
              1.0
            ]
          ]
        },
        {
          "camera_name": "camera_2",
          "camera_width": 1920,
          "camera_height": 1080,
          "camera_angle_x": 0.7853981852531433,
          "camera_angle_y": 0.45782234845589415,
          "transform_matrix": [
            [
              0.08355521410703659,
              -0.6078353524208069,
              0.7896549701690674,
              2.940927505493164
            ],
            [
              0.9965031743049622,
              0.05096603184938431,
              -0.06621132045984268,
              -0.24659210443496704
            ],
            [
              0.0,
              0.7924258708953857,
              0.6099682450294495,
              2.3717164993286133
            ],
            [
              0.0,
              0.0,
              0.0,
              1.0
            ]
          ]
        },
        {
          "camera_name": "camera_3",
          "camera_width": 1920,
          "camera_height": 1080,
          "camera_angle_x": 0.7853981852531433,
          "camera_angle_y": 0.45782234845589415,
          "transform_matrix": [
            [
              0.11257626116275787,
              -0.6280786991119385,
              0.7699634432792664,
              2.8552446365356445
            ],
            [
              0.9936431646347046,
              0.07115909457206726,
              -0.08723413199186325,
              -0.32348909974098206
            ],
            [
              0.0,
              0.774889349937439,
              0.6320968866348267,
              2.443995952606201
            ],
            [
              0.0,
              0.0,
              0.0,
              1.0
            ]
          ]
        },
        {
          "camera_name": "camera_4",
          "camera_width": 1920,
          "camera_height": 1080,
          "camera_angle_x": 0.7853981852531433,
          "camera_angle_y": 0.45782234845589415,
          "transform_matrix": [
            [
              0.14355574548244476,
              -0.6444857716560364,
              0.7510192394256592,
              2.7916085720062256
            ],
            [
              0.9896422624588013,
              0.09348795562982559,
              -0.10894151777029037,
              -0.4049457907676697
            ],
            [
              7.450580596923828e-09,
              0.758879542350769,
              0.6512309908866882,
              2.520686388015747
            ],
            [
              0.0,
              0.0,
              0.0,
              1.0
            ]
          ]
        },
        {
          "camera_name": "camera_5",
          "camera_width": 1920,
          "camera_height": 1080,
          "camera_angle_x": 0.7853981852531433,
          "camera_angle_y": 0.45782234845589415,
          "transform_matrix": [
            [
              0.1757412850856781,
              -0.6568673253059387,
              0.7332396507263184,
              2.748969554901123
            ],
            [
              0.9844363927841187,
              0.11726374924182892,
              -0.13089771568775177,
              -0.4907451868057251
            ],
            [
              7.450580596923828e-09,
              0.7448318004608154,
              0.667252242565155,
              2.6015777587890625
            ],
            [
              0.0,
              0.0,
              0.0,
              1.0
            ]
          ]
        },
        {
          "camera_name": "camera_6",
          "camera_width": 1920,
          "camera_height": 1080,
          "camera_angle_x": 0.7853981852531433,
          "camera_angle_y": 0.45782234845589415,
          "transform_matrix": [
            [
              0.20835989713668823,
              -0.667326033115387,
              0.7150258421897888,
              2.7063307762145996
            ],
            [
              0.9780522584915161,
              0.1421641707420349,
              -0.15232591331005096,
              -0.5765446424484253
            ],
            [
              -7.450581485102248e-09,
              0.7310713529586792,
              0.6823010444641113,
              2.682469367980957
            ],
            [
              0.0,
              0.0,
              0.0,
              1.0
            ]
          ]
        },
        {
          "camera_name": "camera_7",
          "camera_width": 1920,
          "camera_height": 1080,
          "camera_angle_x": 0.7853981852531433,
          "camera_angle_y": 0.45782234845589415,
          "transform_matrix": [
            [
              0.24130821228027344,
              -0.6758002042770386,
              0.6964657306671143,
              2.663691997528076
            ],
            [
              0.9704486131668091,
              0.16804201900959015,
              -0.17318063974380493,
              -0.6623439788818359
            ],
            [
              0.0,
              0.7176740765571594,
              0.6963791847229004,
              2.7633607387542725
            ],
            [
              0.0,
              0.0,
              0.0,
              1.0
            ]
          ]
        },
        {
          "camera_name": "camera_8",
          "camera_width": 1920,
          "camera_height": 1080,
          "camera_angle_x": 0.7853981852531433,
          "camera_angle_y": 0.45782234845589415,
          "transform_matrix": [
            [
              0.2744739055633545,
              -0.6822477579116821,
              0.6776444911956787,
              2.6210529804229736
            ],
            [
              0.9615945816040039,
              0.1947382092475891,
              -0.1934242695569992,
              -0.7481434345245361
            ],
            [
              0.0,
              0.7047091126441956,
              0.709496259689331,
              2.844252109527588
            ],
            [
              0.0,
              0.0,
              0.0,
              1.0
            ]
          ]
        },
        {
          "camera_name": "camera_9",
          "camera_width": 1920,
          "camera_height": 1080,
          "camera_angle_x": 0.7853981852531433,
          "camera_angle_y": 0.45782234845589415,
          "transform_matrix": [
            [
              0.3077368140220642,
              -0.686648428440094,
              0.6586440801620483,
              2.57841420173645
            ],
            [
              0.9514715671539307,
              0.2220844328403473,
              -0.21302689611911774,
              -0.8339428901672363
            ],
            [
              -1.4901161193847656e-08,
              0.6922372579574585,
              0.7216700315475464,
              2.9251437187194824
            ],
            [
              0.0,
              0.0,
              0.0,
              1.0
            ]
          ]
        },
        {
          "camera_name": "camera_10",
          "camera_width": 1920,
          "camera_height": 1080,
          "camera_angle_x": 0.7853981852531433,
          "camera_angle_y": 0.45782234845589415,
          "transform_matrix": [
            [
              0.3406650424003601,
              -0.688694179058075,
              0.6400372982025146,
              2.5395400524139404
            ],
            [
              0.9401847720146179,
              0.24954035878181458,
              -0.2319100946187973,
              -0.920172929763794
            ],
            [
              0.0,
              0.6807569265365601,
              0.7325093746185303,
              3.006450653076172
            ],
            [
              0.0,
              0.0,
              0.0,
              1.0
            ]
          ]
        },
        {
          "camera_name": "camera_11",
          "camera_width": 1920,
          "camera_height": 1080,
          "camera_angle_x": 0.7853981852531433,
          "camera_angle_y": 0.45782234845589415,
          "transform_matrix": [
            [
              0.3727845549583435,
              -0.6883408427238464,
              0.6222689747810364,
              2.5068531036376953
            ],
            [
              0.9279179573059082,
              0.27653610706329346,
              -0.24999219179153442,
              -1.007110595703125
            ],
            [
              -1.4901161193847656e-08,
              0.6706076860427856,
              0.7418121695518494,
              3.0884408950805664
            ],
            [
              0.0,
              0.0,
              0.0,
              1.0
            ]
          ]
        },
        {
          "camera_name": "camera_12",
          "camera_width": 1920,
          "camera_height": 1080,
          "camera_angle_x": 0.7853981852531433,
          "camera_angle_y": 0.45782234845589415,
          "transform_matrix": [
            [
              0.4044148921966553,
              -0.6862203478813171,
              0.6046075224876404,
              2.4741663932800293
            ],
            [
              0.9145756363868713,
              0.30343878269195557,
              -0.26735052466392517,
              -1.0940481424331665
            ],
            [
              0.0,
              0.6610798239707947,
              0.7503155469894409,
              3.1704306602478027
            ],
            [
              0.0,
              0.0,
              0.0,
              1.0
            ]
          ]
        },
        {
          "camera_name": "camera_13",
          "camera_width": 1920,
          "camera_height": 1080,
          "camera_angle_x": 0.7853981852531433,
          "camera_angle_y": 0.45782234845589415,
          "transform_matrix": [
            [
              0.4354488253593445,
              -0.6824184060096741,
              0.5871026515960693,
              2.441479444503784
            ],
            [
              0.9002135992050171,
              0.3300975263118744,
              -0.28399166464805603,
              -1.180985689163208
            ],
            [
              0.0,
              0.6521815061569214,
              0.7580627799034119,
              3.2524209022521973
            ],
            [
              0.0,
              0.0,
              0.0,
              1.0
            ]
          ]
        },
        {
          "camera_name": "camera_14",
          "camera_width": 1920,
          "camera_height": 1080,
          "camera_angle_x": 0.7853981852531433,
          "camera_angle_y": 0.45782234845589415,
          "transform_matrix": [
            [
              0.4657860994338989,
              -0.6770328283309937,
              0.5697981119155884,
              2.408792734146118
            ],
            [
              0.8848972916603088,
              0.35637184977531433,
              -0.29992637038230896,
              -1.2679234743118286
            ],
            [
              0.0,
              0.6439144015312195,
              0.7650975584983826,
              3.334411144256592
            ],
            [
              0.0,
              0.0,
              0.0,
              1.0
            ]
          ]
        },
        {
          "camera_name": "camera_15",
          "camera_width": 1920,
          "camera_height": 1080,
          "camera_angle_x": 0.7853981852531433,
          "camera_angle_y": 0.45782234845589415,
          "transform_matrix": [
            [
              0.4953356683254242,
              -0.6701719760894775,
              0.5527316331863403,
              2.376105785369873
            ],
            [
              0.8687017560005188,
              0.3821335434913635,
              -0.3151688277721405,
              -1.3548610210418701
            ],
            [
              1.4901161193847656e-08,
              0.636273205280304,
              0.7714638113975525,
              3.416400909423828
            ],
            [
              0.0,
              0.0,
              0.0,
              1.0
            ]
          ]
        },
        {
          "camera_name": "camera_16",
          "camera_width": 1920,
          "camera_height": 1080,
          "camera_angle_x": 0.7853981852531433,
          "camera_angle_y": 0.45782234845589415,
          "transform_matrix": [
            [
              0.5240170359611511,
              -0.66195148229599,
              0.5359350442886353,
              2.343418836593628
            ],
            [
              0.8517078161239624,
              0.40726858377456665,
              -0.3297363817691803,
              -1.4417988061904907
            ],
            [
              -2.9802322387695312e-08,
              0.6292475461959839,
              0.7772050499916077,
              3.4983911514282227
            ],
            [
              0.0,
              0.0,
              0.0,
              1.0
            ]
          ]
        },
        {
          "camera_name": "camera_17",
          "camera_width": 1920,
          "camera_height": 1080,
          "camera_angle_x": 0.7853981852531433,
          "camera_angle_y": 0.45782234845589415,
          "transform_matrix": [
            [
              0.5517603158950806,
              -0.6524933576583862,
              0.5194352865219116,
              2.310732126235962
            ],
            [
              0.8340027332305908,
              0.4316771328449249,
              -0.3436484932899475,
              -1.5287363529205322
            ],
            [
              1.4901159417490817e-08,
              0.6228220462799072,
              0.7823636531829834,
              3.580381155014038
            ],
            [
              0.0,
              0.0,
              0.0,
              1.0
            ]
          ]
        },
        {
          "camera_name": "camera_18",
          "camera_width": 1920,
          "camera_height": 1080,
          "camera_angle_x": 0.7853981852531433,
          "camera_angle_y": 0.45782234845589415,
          "transform_matrix": [
            [
              0.5785080194473267,
              -0.6419219374656677,
              0.5032541155815125,
              2.278045415878296
            ],
            [
              0.8156766891479492,
              0.45527470111846924,
              -0.3569263815879822,
              -1.6156738996505737
            ],
            [
              0.0,
              0.6169774532318115,
              0.7869808077812195,
              3.6623711585998535
            ],
            [
              0.0,
              0.0,
              0.0,
              1.0
            ]
          ]
        },
        {
          "camera_name": "camera_19",
          "camera_width": 1920,
          "camera_height": 1080,
          "camera_angle_x": 0.7853981852531433,
          "camera_angle_y": 0.45782234845589415,
          "transform_matrix": [
            [
              0.6040711402893066,
              -0.63038569688797,
              0.48755714297294617,
              2.2463154792785645
            ],
            [
              0.7969304323196411,
              0.477830708026886,
              -0.36956703662872314,
              -1.702701210975647
            ],
            [
              0.0,
              0.6117938160896301,
              0.7910172343254089,
              3.744442939758301
            ],
            [
              0.0,
              0.0,
              0.0,
              1.0
            ]
          ]
        },
        {
          "camera_name": "camera_20",
          "camera_width": 1920,
          "camera_height": 1080,
          "camera_angle_x": 0.7853981852531433,
          "camera_angle_y": 0.45782234845589415,
          "transform_matrix": [
            [
              0.62806236743927,
              -0.6181250810623169,
              0.47271472215652466,
              2.217831611633301
            ],
            [
              0.7781630754470825,
              0.49889424443244934,
              -0.3815322518348694,
              -1.7900315523147583
            ],
            [
              0.0,
              0.6074751019477844,
              0.7943387031555176,
              3.826791763305664
            ],
            [
              0.0,
              0.0,
              0.0,
              1.0
            ]
          ]
        },
        {
          "camera_name": "camera_21",
          "camera_width": 1920,
          "camera_height": 1080,
          "camera_angle_x": 0.7853981852531433,
          "camera_angle_y": 0.45782234845589415,
          "transform_matrix": [
            [
              0.6509469747543335,
              -0.6052184700965881,
              0.45823433995246887,
              2.189347982406616
            ],
            [
              0.7591232061386108,
              0.5189738869667053,
              -0.39293521642684937,
              -1.8773623704910278
            ],
            [
              0.0,
              0.6036362648010254,
              0.7972597479820251,
              3.9091405868530273
            ],
            [
              0.0,
              0.0,
              0.0,
              1.0
            ]
          ]
        },
        {
          "camera_name": "camera_22",
          "camera_width": 1920,
          "camera_height": 1080,
          "camera_angle_x": 0.7853981852531433,
          "camera_angle_y": 0.45782234845589415,
          "transform_matrix": [
            [
              0.6727235913276672,
              -0.5917772650718689,
              0.4441201388835907,
              2.1608643531799316
            ],
            [
              0.739893913269043,
              0.5380535125732422,
              -0.40380123257637024,
              -1.9646929502487183
            ],
            [
              -1.4901161193847656e-08,
              0.6002484560012817,
              0.7998136281967163,
              3.9914891719818115
            ],
            [
              0.0,
              0.0,
              0.0,
              1.0
            ]
          ]
        },
        {
          "camera_name": "camera_23",
          "camera_width": 1920,
          "camera_height": 1080,
          "camera_angle_x": 0.7853981852531433,
          "camera_angle_y": 0.45782234845589415,
          "transform_matrix": [
            [
              0.6933997273445129,
              -0.5779059529304504,
              0.4303736686706543,
              2.132380485534668
            ],
            [
              0.7205531001091003,
              0.5561281442642212,
              -0.41415542364120483,
              -2.0520236492156982
            ],
            [
              -2.980232594040899e-08,
              0.5972822904586792,
              0.8020309805870056,
              4.073837757110596
            ],
            [
              0.0,
              0.0,
              0.0,
              1.0
            ]
          ]
        },
        {
          "camera_name": "camera_24",
          "camera_width": 1920,
          "camera_height": 1080,
          "camera_angle_x": 0.7853981852531433,
          "camera_angle_y": 0.45782234845589415,
          "transform_matrix": [
            [
              0.7129905223846436,
              -0.5637020468711853,
              0.4169946312904358,
              2.1038970947265625
            ],
            [
              0.7011736631393433,
              0.5732021331787109,
              -0.42402228713035583,
              -2.1393542289733887
            ],
            [
              1.4901161193847656e-08,
              0.5947095155715942,
              0.8039405941963196,
              4.156187057495117
            ],
            [
              0.0,
              0.0,
              0.0,
              1.0
            ]
          ]
        },
        {
          "camera_name": "camera_25",
          "camera_width": 1920,
          "camera_height": 1080,
          "camera_angle_x": 0.7853981852531433,
          "camera_angle_y": 0.45782234845589415,
          "transform_matrix": [
            [
              0.7315181493759155,
              -0.5492547154426575,
              0.4039807915687561,
              2.075413227081299
            ],
            [
              0.6818219423294067,
              0.5892884731292725,
              -0.4334259033203125,
              -2.226684808731079
            ],
            [
              0.0,
              0.5925017595291138,
              0.8055691123008728,
              4.238535404205322
            ],
            [
              0.0,
              0.0,
              0.0,
              1.0
            ]
          ]
        },
        {
          "camera_name": "camera_26",
          "camera_width": 1920,
          "camera_height": 1080,
          "camera_angle_x": 0.7853981852531433,
          "camera_angle_y": 0.45782234845589415,
          "transform_matrix": [
            [
              0.7490100860595703,
              -0.5346457958221436,
              0.3913283050060272,
              2.046929359436035
            ],
            [
              0.6625586748123169,
              0.604407012462616,
              -0.44238927960395813,
              -2.3140151500701904
            ],
            [
              0.0,
              0.5906320214271545,
              0.806941032409668,
              4.320883750915527
            ],
            [
              0.0,
              0.0,
              0.0,
              1.0
            ]
          ]
        },
        {
          "camera_name": "camera_27",
          "camera_width": 1920,
          "camera_height": 1080,
          "camera_angle_x": 0.7853981852531433,
          "camera_angle_y": 0.45782234845589415,
          "transform_matrix": [
            [
              0.7654983997344971,
              -0.5199488401412964,
              0.3790322542190552,
              2.0184454917907715
            ],
            [
              0.6434378623962402,
              0.6185835003852844,
              -0.4509349763393402,
              -2.401346206665039
            ],
            [
              1.4901161193847656e-08,
              0.5890735983848572,
              0.8080793619155884,
              4.403233051300049
            ],
            [
              0.0,
              0.0,
              0.0,
              1.0
            ]
          ]
        },
        {
          "camera_name": "camera_28",
          "camera_width": 1920,
          "camera_height": 1080,
          "camera_angle_x": 0.7853981852531433,
          "camera_angle_y": 0.45782234845589415,
          "transform_matrix": [
            [
              0.7810187339782715,
              -0.5052297115325928,
              0.3670867383480072,
              1.989961862564087
            ],
            [
              0.6245076060295105,
              0.6318479776382446,
              -0.45908427238464355,
              -2.4886765480041504
            ],
            [
              0.0,
              0.5878019332885742,
              0.8090049028396606,
              4.485581398010254
            ],
            [
              0.0,
              0.0,
              0.0,
              1.0
            ]
          ]
        },
        {
          "camera_name": "camera_29",
          "camera_width": 1920,
          "camera_height": 1080,
          "camera_angle_x": 0.7853981852531433,
          "camera_angle_y": 0.45782234845589415,
          "transform_matrix": [
            [
              0.7956094741821289,
              -0.4905467927455902,
              0.35548487305641174,
              1.9614781141281128
            ],
            [
              0.6058099269866943,
              0.6442345380783081,
              -0.4668578803539276,
              -2.576007127761841
            ],
            [
              0.0,
              0.5867928266525269,
              0.8097370862960815,
              4.567930221557617
            ],
            [
              0.0,
              0.0,
              0.0,
              1.0
            ]
          ]
        },
        {
          "camera_name": "camera_30",
          "camera_width": 1920,
          "camera_height": 1080,
          "camera_angle_x": 0.7853981852531433,
          "camera_angle_y": 0.45782234845589415,
          "transform_matrix": [
            [
              0.809310793876648,
              -0.4759509563446045,
              0.3442192077636719,
              1.9329946041107178
            ],
            [
              0.5873808264732361,
              0.6557793617248535,
              -0.4742754399776459,
              -2.663337469100952
            ],
            [
              0.0,
              0.5860239863395691,
              0.8102937340736389,
              4.6502790451049805
            ],
            [
              0.0,
              0.0,
              0.0,
              1.0
            ]
          ]
        },
        {
          "camera_name": "camera_31",
          "camera_width": 1920,
          "camera_height": 1080,
          "camera_angle_x": 0.7853981852531433,
          "camera_angle_y": 0.45782234845589415,
          "transform_matrix": [
            [
              0.8219389915466309,
              -0.4617018401622772,
              0.3335381746292114,
              1.9062221050262451
            ],
            [
              0.5695755481719971,
              0.6662694215774536,
              -0.4813199043273926,
              -2.7508175373077393
            ],
            [
              0.0,
              0.5855907201766968,
              0.8106069564819336,
              4.732743740081787
            ],
            [
              0.0,
              0.0,
              0.0,
              1.0
            ]
          ]
        },
        {
          "camera_name": "camera_32",
          "camera_width": 1920,
          "camera_height": 1080,
          "camera_angle_x": 0.7853981852531433,
          "camera_angle_y": 0.45782234845589415,
          "transform_matrix": [
            [
              0.8337159752845764,
              -0.4476972818374634,
              0.32324111461639404,
              1.8799103498458862
            ],
            [
              0.5521935224533081,
              0.6759448647499084,
              -0.48803773522377014,
              -2.838336944580078
            ],
            [
              -1.4901161193847656e-08,
              0.5853765606880188,
              0.810761570930481,
              4.815238952636719
            ],
            [
              0.0,
              0.0,
              0.0,
              1.0
            ]
          ]
        },
        {
          "camera_name": "camera_33",
          "camera_width": 1920,
          "camera_height": 1080,
          "camera_angle_x": 0.7853981852531433,
          "camera_angle_y": 0.45782234845589415,
          "transform_matrix": [
            [
              0.844746470451355,
              -0.43391022086143494,
              0.31324946880340576,
              1.8535984754562378
            ],
            [
              0.5351666808128357,
              0.6849159002304077,
              -0.494456022977829,
              -2.925856351852417
            ],
            [
              -1.4901161193847656e-08,
              0.5853307247161865,
              0.8107947111129761,
              4.897734642028809
            ],
            [
              0.0,
              0.0,
              0.0,
              1.0
            ]
          ]
        },
        {
          "camera_name": "camera_34",
          "camera_width": 1920,
          "camera_height": 1080,
          "camera_angle_x": 0.7853981852531433,
          "camera_angle_y": 0.45782234845589415,
          "transform_matrix": [
            [
              0.8550723791122437,
              -0.42036446928977966,
              0.30355414748191833,
              1.8272866010665894
            ],
            [
              0.5185088515281677,
              0.6932225823402405,
              -0.5005908012390137,
              -3.013376235961914
            ],
            [
              0.0,
              0.5854368805885315,
              0.8107179403305054,
              4.98022985458374
            ],
            [
              0.0,
              0.0,
              0.0,
              1.0
            ]
          ]
        },
        {
          "camera_name": "camera_35",
          "camera_width": 1920,
          "camera_height": 1080,
          "camera_angle_x": 0.7853981852531433,
          "camera_angle_y": 0.45782234845589415,
          "transform_matrix": [
            [
              0.8647339344024658,
              -0.4070790410041809,
              0.29414620995521545,
              1.8009748458862305
            ],
            [
              0.5022304058074951,
              0.7009035348892212,
              -0.5064572095870972,
              -3.100895881652832
            ],
            [
              0.0,
              0.5856798887252808,
              0.8105425238609314,
              5.062725067138672
            ],
            [
              0.0,
              0.0,
              0.0,
              1.0
            ]
          ]
        },
        {
          "camera_name": "camera_36",
          "camera_width": 1920,
          "camera_height": 1080,
          "camera_angle_x": 0.7853981852531433,
          "camera_angle_y": 0.45782234845589415,
          "transform_matrix": [
            [
              0.8737707138061523,
              -0.39406928420066833,
              0.28501635789871216,
              1.774662971496582
            ],
            [
              0.4863383173942566,
              0.7079972624778748,
              -0.5120693445205688,
              -3.188415288925171
            ],
            [
              0.0,
              0.586045503616333,
              0.810278058052063,
              5.145220756530762
            ],
            [
              0.0,
              0.0,
              0.0,
              1.0
            ]
          ]
        },
        {
          "camera_name": "camera_37",
          "camera_width": 1920,
          "camera_height": 1080,
          "camera_angle_x": 0.7853981852531433,
          "camera_angle_y": 0.45782234845589415,
          "transform_matrix": [
            [
              0.8822203874588013,
              -0.3813466429710388,
              0.2761557996273041,
              1.7483510971069336
            ],
            [
              0.4708367586135864,
              0.7145401239395142,
              -0.5174410343170166,
              -3.275935411453247
            ],
            [
              0.0,
              0.5865212082862854,
              0.8099338412284851,
              5.227716445922852
            ],
            [
              0.0,
              0.0,
              0.0,
              1.0
            ]
          ]
        },
        {
          "camera_name": "camera_38",
          "camera_width": 1920,
          "camera_height": 1080,
          "camera_angle_x": 0.7853981852531433,
          "camera_angle_y": 0.45782234845589415,
          "transform_matrix": [
            [
              0.890119194984436,
              -0.36891987919807434,
              0.2675556540489197,
              1.7220392227172852
            ],
            [
              0.4557279348373413,
              0.7205674052238464,
              -0.5225846767425537,
              -3.363454818725586
            ],
            [
              0.0,
              0.5870952010154724,
              0.8095179796218872,
              5.310212135314941
            ],
            [
              0.0,
              0.0,
              0.0,
              1.0
            ]
          ]
        },
        {
          "camera_name": "camera_39",
          "camera_width": 1920,
          "camera_height": 1080,
          "camera_angle_x": 0.7853981852531433,
          "camera_angle_y": 0.45782234845589415,
          "transform_matrix": [
            [
              0.8975016474723816,
              -0.35679471492767334,
              0.25920718908309937,
              1.6957275867462158
            ],
            [
              0.4410111904144287,
              0.7261127829551697,
              -0.5275124311447144,
              -3.450974225997925
            ],
            [
              0.0,
              0.5877565145492554,
              0.8090379238128662,
              5.392707347869873
            ],
            [
              0.0,
              0.0,
              0.0,
              1.0
            ]
          ]
        },
        {
          "camera_name": "camera_40",
          "camera_width": 1920,
          "camera_height": 1080,
          "camera_angle_x": 0.7853981852531433,
          "camera_angle_y": 0.45782234845589415,
          "transform_matrix": [
            [
              0.9044005870819092,
              -0.3449746370315552,
              0.25110185146331787,
              1.6694157123565674
            ],
            [
              0.42668449878692627,
              0.731208324432373,
              -0.5322355628013611,
              -3.5384938716888428
            ],
            [
              1.4901162970204496e-08,
              0.5884954333305359,
              0.8085004687309265,
              5.475202560424805
            ],
            [
              0.0,
              0.0,
              0.0,
              1.0
            ]
          ]
        },
        {
          "camera_name": "camera_41",
          "camera_width": 1920,
          "camera_height": 1080,
          "camera_angle_x": 0.7853981852531433,
          "camera_angle_y": 0.45782234845589415,
          "transform_matrix": [
            [
              0.910847008228302,
              -0.3334610164165497,
              0.2432313710451126,
              1.643103837966919
            ],
            [
              0.4127441644668579,
              0.7358843684196472,
              -0.5367648601531982,
              -3.626013994216919
            ],
            [
              -1.4901161193847656e-08,
              0.5893030166625977,
              0.8079121112823486,
              5.5576982498168945
            ],
            [
              0.0,
              0.0,
              0.0,
              1.0
            ]
          ]
        },
        {
          "camera_name": "camera_42",
          "camera_width": 1920,
          "camera_height": 1080,
          "camera_angle_x": 0.7853981852531433,
          "camera_angle_y": 0.45782234845589415,
          "transform_matrix": [
            [
              0.9168702363967896,
              -0.3222537040710449,
              0.23558761179447174,
              1.6167919635772705
            ],
            [
              0.3991853892803192,
              0.7401694059371948,
              -0.5411101579666138,
              -3.713533639907837
            ],
            [
              1.4901161193847656e-08,
              0.5901710391044617,
              0.8072782754898071,
              5.640193939208984
            ],
            [
              0.0,
              0.0,
              0.0,
              1.0
            ]
          ]
        },
        {
          "camera_name": "camera_43",
          "camera_width": 1920,
          "camera_height": 1080,
          "camera_angle_x": 0.7853981852531433,
          "camera_angle_y": 0.45782234845589415,
          "transform_matrix": [
            [
              0.9224979281425476,
              -0.3113510012626648,
              0.2281627207994461,
              1.5904802083969116
            ],
            [
              0.38600224256515503,
              0.7440906763076782,
              -0.545280933380127,
              -3.8010528087615967
            ],
            [
              0.0,
              0.5910918116569519,
              0.806604266166687,
              5.722689628601074
            ],
            [
              0.0,
              0.0,
              0.0,
              1.0
            ]
          ]
        },
        {
          "camera_name": "camera_44",
          "camera_width": 1920,
          "camera_height": 1080,
          "camera_angle_x": 0.7853981852531433,
          "camera_angle_y": 0.45782234845589415,
          "transform_matrix": [
            [
              0.9276816844940186,
              -0.3008885681629181,
              0.22107189893722534,
              1.5651013851165771
            ],
            [
              0.3733721077442169,
              0.7475888133049011,
              -0.5492760539054871,
              -3.8886566162109375
            ],
            [
              0.0,
              0.5920954346656799,
              0.8058677911758423,
              5.805224418640137
            ],
            [
              0.0,
              0.0,
              0.0,
              1.0
            ]
          ]
        },
        {
          "camera_name": "camera_45",
          "camera_width": 1920,
          "camera_height": 1080,
          "camera_angle_x": 0.7853981852531433,
          "camera_angle_y": 0.45782234845589415,
          "transform_matrix": [
            [
              0.9325088262557983,
              -0.29075825214385986,
              0.21421267092227936,
              1.5399576425552368
            ],
            [
              0.3611474335193634,
              0.7507588267326355,
              -0.5531126260757446,
              -3.9762818813323975
            ],
            [
              1.4901162970204496e-08,
              0.5931447148323059,
              0.8050959706306458,
