{
  "layouts": [
    {
      "layout_name": "layout_0",
      "assets": [
        {
          "asset_kind": "scenes",
          "asset_name": "downtown-12w-blackbg-rectified",
          "ply_suffix": "point_cloud/iteration_120000/fused.ply",
          "bundle_kind": "scenes",
          "bundle_name": "downtown-12w-blackbg-rectified_250414-183203_iter640_nginc4096_ncincg2",
          "instances": [
            {
              "instance_name": "downtown_0",
              "scale": 1.0,
              "quaternions": [
                1.0,
                0.0,
                0.0,
                0.0
              ],
              "positions": [
                0.0,
                0.0,
                0.0
              ]
            }
          ]
        }
      ],
      "cameras": [
        {
          "camera_name": "camera_0",
          "camera_width": 1920,
          "camera_height": 1080,
          "camera_angle_x": 0.7853981852531433,
          "camera_angle_y": 0.45782234845589415,
          "transform_matrix": [
            [
              -1.0,
              1.2246467991473532e-16,
              -0.0,
              3.2825973705758085e-17
            ],
            [
              -3.169619151431762e-17,
              -0.2588190451025205,
              0.9659258262890683,
              0.5360888335904329
            ],
            [
              1.1829179713786698e-16,
              0.9659258262890683,
              0.2588190451025205,
              0.143644570031899
            ],
            [
              0.0,
              0.0,
              0.0,
              1.0
            ]
          ]
        },
        {
          "camera_name": "camera_1",
          "camera_width": 1920,
          "camera_height": 1080,
          "camera_angle_x": 0.7853981852531433,
          "camera_angle_y": 0.45782234845589415,
          "transform_matrix": [
            [
              -1.0,
              1.2246467991473532e-16,
              -0.0,
              6.565194741151617e-17
            ],
            [
              -3.169619151431762e-17,
              -0.2588190451025205,
              0.9659258262890683,
              1.0721776671808658
            ],
            [
              1.1829179713786698e-16,
              0.9659258262890683,
              0.2588190451025205,
              0.287289140063798
            ],
            [
              0.0,
              0.0,
              0.0,
              1.0
            ]
          ]
        },
        {
          "camera_name": "camera_2",
          "camera_width": 1920,
          "camera_height": 1080,
          "camera_angle_x": 0.7853981852531433,
          "camera_angle_y": 0.45782234845589415,
          "transform_matrix": [
            [
              -1.0,
              1.2246467991473532e-16,
              -0.0,
              9.847792111727427e-17
            ],
            [
              -3.169619151431762e-17,
              -0.2588190451025205,
              0.9659258262890683,
              1.6082665007712988
            ],
            [
              1.1829179713786698e-16,
              0.9659258262890683,
              0.2588190451025205,
              0.43093371009569703
            ],
            [
              0.0,
              0.0,
              0.0,
              1.0
            ]
          ]
        },
        {
          "camera_name": "camera_3",
          "camera_width": 1920,
          "camera_height": 1080,
          "camera_angle_x": 0.7853981852531433,
          "camera_angle_y": 0.45782234845589415,
          "transform_matrix": [
            [
              -1.0,
              1.2246467991473532e-16,
              -0.0,
              1.3130389482303234e-16
            ],
            [
              -3.169619151431762e-17,
              -0.2588190451025205,
              0.9659258262890683,
              2.1443553343617316
            ],
            [
              1.1829179713786698e-16,
              0.9659258262890683,
              0.2588190451025205,
              0.574578280127596
            ],
            [
              0.0,
              0.0,
              0.0,
              1.0
            ]
          ]
        },
        {
          "camera_name": "camera_4",
          "camera_width": 1920,
          "camera_height": 1080,
          "camera_angle_x": 0.7853981852531433,
          "camera_angle_y": 0.45782234845589415,
          "transform_matrix": [
            [
              -1.0,
              1.2246467991473532e-16,
              -0.0,
              1.6412986852879048e-16
            ],
            [
              -3.169619151431762e-17,
              -0.2588190451025205,
              0.9659258262890683,
              2.680444167952165
            ],
            [
              1.1829179713786698e-16,
              0.9659258262890683,
              0.2588190451025205,
              0.7182228501594952
            ],
            [
              0.0,
              0.0,
              0.0,
              1.0
            ]
          ]
        },
        {
          "camera_name": "camera_5",
          "camera_width": 1920,
          "camera_height": 1080,
          "camera_angle_x": 0.7853981852531433,
          "camera_angle_y": 0.45782234845589415,
          "transform_matrix": [
            [
              -1.0,
              1.2246467991473532e-16,
              -0.0,
              1.9695584223454854e-16
            ],
            [
              -3.169619151431762e-17,
              -0.2588190451025205,
              0.9659258262890683,
              3.2165330015425977
            ],
            [
              1.1829179713786698e-16,
              0.9659258262890683,
              0.2588190451025205,
              0.8618674201913941
            ],
            [
              0.0,
              0.0,
              0.0,
              1.0
            ]
          ]
        },
        {
          "camera_name": "camera_6",
          "camera_width": 1920,
          "camera_height": 1080,
          "camera_angle_x": 0.7853981852531433,
          "camera_angle_y": 0.45782234845589415,
          "transform_matrix": [
            [
              -1.0,
              1.2246467991473532e-16,
              -0.0,
              2.297818159403066e-16
            ],
            [
              -3.169619151431762e-17,
              -0.2588190451025205,
              0.9659258262890683,
              3.7526218351330303
            ],
            [
              1.1829179713786698e-16,
              0.9659258262890683,
              0.2588190451025205,
              1.005511990223293
            ],
            [
              0.0,
              0.0,
              0.0,
              1.0
            ]
          ]
        },
        {
          "camera_name": "camera_7",
          "camera_width": 1920,
          "camera_height": 1080,
          "camera_angle_x": 0.7853981852531433,
          "camera_angle_y": 0.45782234845589415,
          "transform_matrix": [
            [
              -1.0,
              1.2246467991473532e-16,
              -0.0,
              2.626077896460647e-16
            ],
            [
              -3.169619151431762e-17,
              -0.2588190451025205,
              0.9659258262890683,
              4.288710668723463
            ],
            [
              1.1829179713786698e-16,
              0.9659258262890683,
              0.2588190451025205,
              1.149156560255192
            ],
            [
              0.0,
              0.0,
              0.0,
              1.0
            ]
          ]
        },
        {
          "camera_name": "camera_8",
          "camera_width": 1920,
          "camera_height": 1080,
          "camera_angle_x": 0.7853981852531433,
          "camera_angle_y": 0.45782234845589415,
          "transform_matrix": [
            [
              -1.0,
              1.2246467991473532e-16,
              -0.0,
              2.954337633518228e-16
            ],
            [
              -3.169619151431762e-17,
              -0.2588190451025205,
              0.9659258262890683,
              4.824799502313897
            ],
            [
              1.1829179713786698e-16,
              0.9659258262890683,
              0.2588190451025205,
              1.2928011302870912
            ],
            [
              0.0,
              0.0,
              0.0,
              1.0
            ]
          ]
        },
        {
          "camera_name": "camera_9",
          "camera_width": 1920,
          "camera_height": 1080,
          "camera_angle_x": 0.7853981852531433,
          "camera_angle_y": 0.45782234845589415,
          "transform_matrix": [
            [
              -1.0,
              1.2246467991473532e-16,
              -0.0,
              3.2825973705758095e-16
            ],
            [
              -3.169619151431762e-17,
              -0.2588190451025205,
              0.9659258262890683,
              5.36088833590433
            ],
            [
              1.1829179713786698e-16,
              0.9659258262890683,
              0.2588190451025205,
              1.4364457003189903
            ],
            [
              0.0,
              0.0,
              0.0,
              1.0
            ]
          ]
        },
        {
          "camera_name": "camera_10",
          "camera_width": 1920,
          "camera_height": 1080,
          "camera_angle_x": 0.7853981852531433,
          "camera_angle_y": 0.45782234845589415,
          "transform_matrix": [
            [
              -1.0,
              1.2246467991473532e-16,
              -0.0,
              3.61085710763339e-16
            ],
            [
              -3.169619151431762e-17,
              -0.2588190451025205,
              0.9659258262890683,
              5.896977169494763
            ],
            [
              1.1829179713786698e-16,
              0.9659258262890683,
              0.2588190451025205,
              1.5800902703508892
            ],
            [
              0.0,
              0.0,
              0.0,
              1.0
            ]
          ]
        },
        {
          "camera_name": "camera_11",
          "camera_width": 1920,
          "camera_height": 1080,
          "camera_angle_x": 0.7853981852531433,
          "camera_angle_y": 0.45782234845589415,
          "transform_matrix": [
            [
              -1.0,
              1.2246467991473532e-16,
              -0.0,
              3.9391168446909707e-16
            ],
            [
              -3.169619151431762e-17,
              -0.2588190451025205,
              0.9659258262890683,
              6.433066003085195
            ],
            [
              1.1829179713786698e-16,
              0.9659258262890683,
              0.2588190451025205,
              1.7237348403827881
            ],
            [
              0.0,
              0.0,
              0.0,
              1.0
            ]
          ]
        },
        {
          "camera_name": "camera_12",
          "camera_width": 1920,
          "camera_height": 1080,
          "camera_angle_x": 0.7853981852531433,
          "camera_angle_y": 0.45782234845589415,
          "transform_matrix": [
            [
              -1.0,
              1.2246467991473532e-16,
              -0.0,
              4.267376581748552e-16
            ],
            [
              -3.169619151431762e-17,
              -0.2588190451025205,
              0.9659258262890683,
              6.969154836675629
            ],
            [
              1.1829179713786698e-16,
              0.9659258262890683,
              0.2588190451025205,
              1.8673794104146872
            ],
            [
              0.0,
              0.0,
              0.0,
              1.0
            ]
          ]
        },
        {
          "camera_name": "camera_13",
          "camera_width": 1920,
          "camera_height": 1080,
          "camera_angle_x": 0.7853981852531433,
          "camera_angle_y": 0.45782234845589415,
          "transform_matrix": [
            [
              -1.0,
              1.2246467991473532e-16,
              -0.0,
              4.595636318806132e-16
            ],
            [
              -3.169619151431762e-17,
              -0.2588190451025205,
              0.9659258262890683,
              7.5052436702660605
            ],
            [
              1.1829179713786698e-16,
              0.9659258262890683,
              0.2588190451025205,
              2.011023980446586
            ],
            [
              0.0,
              0.0,
              0.0,
              1.0
            ]
          ]
        },
        {
          "camera_name": "camera_14",
          "camera_width": 1920,
          "camera_height": 1080,
          "camera_angle_x": 0.7853981852531433,
          "camera_angle_y": 0.45782234845589415,
          "transform_matrix": [
            [
              -1.0,
              1.2246467991473532e-16,
              -0.0,
              4.923896055863714e-16
            ],
            [
              -3.169619151431762e-17,
              -0.2588190451025205,
              0.9659258262890683,
              8.041332503856495
            ],
            [
              1.1829179713786698e-16,
              0.9659258262890683,
              0.2588190451025205,
              2.1546685504784855
            ],
            [
              0.0,
              0.0,
              0.0,
              1.0
            ]
          ]
        },
        {
          "camera_name": "camera_15",
          "camera_width": 1920,
          "camera_height": 1080,
          "camera_angle_x": 0.7853981852531433,
          "camera_angle_y": 0.45782234845589415,
          "transform_matrix": [
            [
              -1.0,
              1.2246467991473532e-16,
              -0.0,
              5.252155792921294e-16
            ],
            [
              -3.169619151431762e-17,
              -0.2588190451025205,
              0.9659258262890683,
              8.577421337446927
            ],
            [
              1.1829179713786698e-16,
              0.9659258262890683,
              0.2588190451025205,
              2.298313120510384
            ],
            [
              0.0,
              0.0,
              0.0,
              1.0
            ]
          ]
        },
        {
          "camera_name": "camera_16",
          "camera_width": 1920,
          "camera_height": 1080,
          "camera_angle_x": 0.7853981852531433,
          "camera_angle_y": 0.45782234845589415,
          "transform_matrix": [
            [
              -1.0,
              1.2246467991473532e-16,
              -0.0,
              5.580415529978875e-16
            ],
            [
              -3.169619151431762e-17,
              -0.2588190451025205,
              0.9659258262890683,
              9.11351017103736
            ],
            [
              1.1829179713786698e-16,
              0.9659258262890683,
              0.2588190451025205,
              2.4419576905422833
            ],
            [
              0.0,
              0.0,
              0.0,
              1.0
            ]
          ]
        },
        {
          "camera_name": "camera_17",
          "camera_width": 1920,
          "camera_height": 1080,
          "camera_angle_x": 0.7853981852531433,
          "camera_angle_y": 0.45782234845589415,
          "transform_matrix": [
            [
              -1.0,
              1.2246467991473532e-16,
              -0.0,
              5.908675267036456e-16
            ],
            [
              -3.169619151431762e-17,
              -0.2588190451025205,
              0.9659258262890683,
              9.649599004627794
            ],
            [
              1.1829179713786698e-16,
              0.9659258262890683,
              0.2588190451025205,
              2.5856022605741824
            ],
            [
              0.0,
              0.0,
              0.0,
              1.0
            ]
          ]
        },
        {
          "camera_name": "camera_18",
          "camera_width": 1920,
          "camera_height": 1080,
          "camera_angle_x": 0.7853981852531433,
          "camera_angle_y": 0.45782234845589415,
          "transform_matrix": [
            [
              -1.0,
              1.2246467991473532e-16,
              -0.0,
              6.236935004094037e-16
            ],
            [
              -3.169619151431762e-17,
              -0.2588190451025205,
              0.9659258262890683,
              10.185687838218225
            ],
            [
              1.1829179713786698e-16,
              0.9659258262890683,
              0.2588190451025205,
              2.729246830606081
            ],
            [
              0.0,
              0.0,
              0.0,
              1.0
            ]
          ]
        },
        {
          "camera_name": "camera_19",
          "camera_width": 1920,
          "camera_height": 1080,
          "camera_angle_x": 0.7853981852531433,
          "camera_angle_y": 0.45782234845589415,
          "transform_matrix": [
            [
              -1.0,
              1.2246467991473532e-16,
              -0.0,
              6.565194741151619e-16
            ],
            [
              -3.169619151431762e-17,
              -0.2588190451025205,
              0.9659258262890683,
              10.72177667180866
            ],
            [
              1.1829179713786698e-16,
              0.9659258262890683,
              0.2588190451025205,
              2.8728914006379807
            ],
            [
              0.0,
              0.0,
              0.0,
              1.0
            ]
          ]
        },
        {
          "camera_name": "camera_0",
          "camera_width": 1920,
          "camera_height": 1080,
          "camera_angle_x": 0.7853981852531433,
          "camera_angle_y": 0.45782234845589415,
          "transform_matrix": [
            [
              -1.0,
              1.2246467991473532e-16,
              -0.0,
              2.9430962874616175e-17
            ],
            [
              -6.123233995736764e-17,
              -0.4999999999999998,
              0.8660254037844388,
              0.48064409910036354
            ],
            [
              1.0605752387249072e-16,
              0.8660254037844388,
              0.4999999999999998,
              0.27749999999999997
            ],
            [
              0.0,
              0.0,
              0.0,
              1.0
            ]
          ]
        },
        {
          "camera_name": "camera_1",
          "camera_width": 1920,
          "camera_height": 1080,
          "camera_angle_x": 0.7853981852531433,
          "camera_angle_y": 0.45782234845589415,
          "transform_matrix": [
            [
              -1.0,
              1.2246467991473532e-16,
              -0.0,
              5.886192574923235e-17
            ],
            [
              -6.123233995736764e-17,
              -0.4999999999999998,
              0.8660254037844388,
              0.9612881982007271
            ],
            [
              1.0605752387249072e-16,
              0.8660254037844388,
              0.4999999999999998,
              0.5549999999999999
            ],
            [
              0.0,
              0.0,
              0.0,
              1.0
            ]
          ]
        },
        {
          "camera_name": "camera_2",
          "camera_width": 1920,
          "camera_height": 1080,
          "camera_angle_x": 0.7853981852531433,
          "camera_angle_y": 0.45782234845589415,
          "transform_matrix": [
            [
              -1.0,
              1.2246467991473532e-16,
              -0.0,
              8.82928886238485e-17
            ],
            [
              -6.123233995736764e-17,
              -0.4999999999999998,
              0.8660254037844388,
              1.4419322973010904
            ],
            [
              1.0605752387249072e-16,
              0.8660254037844388,
              0.4999999999999998,
              0.8324999999999999
            ],
            [
              0.0,
              0.0,
              0.0,
              1.0
            ]
          ]
        },
        {
          "camera_name": "camera_3",
          "camera_width": 1920,
          "camera_height": 1080,
          "camera_angle_x": 0.7853981852531433,
          "camera_angle_y": 0.45782234845589415,
          "transform_matrix": [
            [
              -1.0,
              1.2246467991473532e-16,
              -0.0,
              1.177238514984647e-16
            ],
            [
              -6.123233995736764e-17,
              -0.4999999999999998,
              0.8660254037844388,
              1.9225763964014542
            ],
            [
              1.0605752387249072e-16,
              0.8660254037844388,
              0.4999999999999998,
              1.1099999999999999
            ],
            [
              0.0,
              0.0,
              0.0,
              1.0
            ]
          ]
        },
        {
          "camera_name": "camera_4",
          "camera_width": 1920,
          "camera_height": 1080,
          "camera_angle_x": 0.7853981852531433,
          "camera_angle_y": 0.45782234845589415,
          "transform_matrix": [
            [
              -1.0,
              1.2246467991473532e-16,
              -0.0,
              1.4715481437308088e-16
            ],
            [
              -6.123233995736764e-17,
              -0.4999999999999998,
              0.8660254037844388,
              2.403220495501818
            ],
            [
              1.0605752387249072e-16,
              0.8660254037844388,
              0.4999999999999998,
              1.3875
            ],
            [
              0.0,
              0.0,
              0.0,
              1.0
            ]
          ]
        },
        {
          "camera_name": "camera_5",
          "camera_width": 1920,
          "camera_height": 1080,
          "camera_angle_x": 0.7853981852531433,
          "camera_angle_y": 0.45782234845589415,
          "transform_matrix": [
            [
              -1.0,
              1.2246467991473532e-16,
              -0.0,
              1.76585777247697e-16
            ],
            [
              -6.123233995736764e-17,
              -0.4999999999999998,
              0.8660254037844388,
              2.883864594602181
            ],
            [
              1.0605752387249072e-16,
              0.8660254037844388,
              0.4999999999999998,
              1.6649999999999998
            ],
            [
              0.0,
              0.0,
              0.0,
              1.0
            ]
          ]
        },
        {
          "camera_name": "camera_6",
          "camera_width": 1920,
          "camera_height": 1080,
          "camera_angle_x": 0.7853981852531433,
          "camera_angle_y": 0.45782234845589415,
          "transform_matrix": [
            [
              -1.0,
              1.2246467991473532e-16,
              -0.0,
              2.0601674012231317e-16
            ],
            [
              -6.123233995736764e-17,
              -0.4999999999999998,
              0.8660254037844388,
              3.364508693702544
            ],
            [
              1.0605752387249072e-16,
              0.8660254037844388,
              0.4999999999999998,
              1.9424999999999997
            ],
            [
              0.0,
              0.0,
              0.0,
              1.0
            ]
          ]
        },
        {
          "camera_name": "camera_7",
          "camera_width": 1920,
          "camera_height": 1080,
          "camera_angle_x": 0.7853981852531433,
          "camera_angle_y": 0.45782234845589415,
          "transform_matrix": [
            [
              -1.0,
              1.2246467991473532e-16,
              -0.0,
              2.354477029969294e-16
            ],
            [
              -6.123233995736764e-17,
              -0.4999999999999998,
              0.8660254037844388,
              3.8451527928029083
            ],
            [
              1.0605752387249072e-16,
              0.8660254037844388,
              0.4999999999999998,
              2.2199999999999998
            ],
            [
              0.0,
              0.0,
              0.0,
              1.0
            ]
          ]
        },
        {
          "camera_name": "camera_8",
          "camera_width": 1920,
          "camera_height": 1080,
          "camera_angle_x": 0.7853981852531433,
          "camera_angle_y": 0.45782234845589415,
          "transform_matrix": [
            [
              -1.0,
              1.2246467991473532e-16,
              -0.0,
              2.6487866587154553e-16
            ],
            [
              -6.123233995736764e-17,
              -0.4999999999999998,
              0.8660254037844388,
              4.325796891903272
            ],
            [
              1.0605752387249072e-16,
              0.8660254037844388,
              0.4999999999999998,
              2.4974999999999996
            ],
            [
              0.0,
              0.0,
              0.0,
              1.0
            ]
          ]
        },
        {
          "camera_name": "camera_9",
          "camera_width": 1920,
          "camera_height": 1080,
          "camera_angle_x": 0.7853981852531433,
          "camera_angle_y": 0.45782234845589415,
          "transform_matrix": [
            [
              -1.0,
              1.2246467991473532e-16,
              -0.0,
              2.9430962874616176e-16
            ],
            [
              -6.123233995736764e-17,
              -0.4999999999999998,
              0.8660254037844388,
              4.806440991003636
            ],
            [
              1.0605752387249072e-16,
              0.8660254037844388,
              0.4999999999999998,
              2.775
            ],
            [
              0.0,
              0.0,
              0.0,
              1.0
            ]
          ]
        },
        {
          "camera_name": "camera_10",
          "camera_width": 1920,
          "camera_height": 1080,
          "camera_angle_x": 0.7853981852531433,
          "camera_angle_y": 0.45782234845589415,
          "transform_matrix": [
            [
              -1.0,
              1.2246467991473532e-16,
              -0.0,
              3.2374059162077784e-16
            ],
            [
              -6.123233995736764e-17,
              -0.4999999999999998,
              0.8660254037844388,
              5.287085090103998
            ],
            [
              1.0605752387249072e-16,
              0.8660254037844388,
              0.4999999999999998,
              3.0524999999999998
            ],
            [
              0.0,
              0.0,
              0.0,
              1.0
            ]
          ]
        },
        {
          "camera_name": "camera_11",
          "camera_width": 1920,
          "camera_height": 1080,
          "camera_angle_x": 0.7853981852531433,
          "camera_angle_y": 0.45782234845589415,
          "transform_matrix": [
            [
              -1.0,
              1.2246467991473532e-16,
              -0.0,
              3.53171554495394e-16
            ],
            [
              -6.123233995736764e-17,
              -0.4999999999999998,
              0.8660254037844388,
              5.767729189204362
            ],
            [
              1.0605752387249072e-16,
              0.8660254037844388,
              0.4999999999999998,
              3.3299999999999996
            ],
            [
              0.0,
              0.0,
              0.0,
              1.0
            ]
          ]
        },
        {
          "camera_name": "camera_12",
          "camera_width": 1920,
          "camera_height": 1080,
          "camera_angle_x": 0.7853981852531433,
          "camera_angle_y": 0.45782234845589415,
          "transform_matrix": [
            [
              -1.0,
              1.2246467991473532e-16,
              -0.0,
              3.826025173700102e-16
            ],
            [
              -6.123233995736764e-17,
              -0.4999999999999998,
              0.8660254037844388,
              6.248373288304726
            ],
            [
              1.0605752387249072e-16,
              0.8660254037844388,
              0.4999999999999998,
              3.6075
            ],
            [
              0.0,
              0.0,
              0.0,
              1.0
            ]
          ]
        },
        {
          "camera_name": "camera_13",
          "camera_width": 1920,
          "camera_height": 1080,
          "camera_angle_x": 0.7853981852531433,
          "camera_angle_y": 0.45782234845589415,
          "transform_matrix": [
            [
              -1.0,
              1.2246467991473532e-16,
              -0.0,
              4.1203348024462634e-16
            ],
            [
              -6.123233995736764e-17,
              -0.4999999999999998,
              0.8660254037844388,
              6.729017387405088
            ],
            [
              1.0605752387249072e-16,
              0.8660254037844388,
              0.4999999999999998,
              3.8849999999999993
            ],
            [
              0.0,
              0.0,
              0.0,
              1.0
            ]
          ]
        },
        {
          "camera_name": "camera_14",
          "camera_width": 1920,
          "camera_height": 1080,
          "camera_angle_x": 0.7853981852531433,
          "camera_angle_y": 0.45782234845589415,
          "transform_matrix": [
            [
              -1.0,
              1.2246467991473532e-16,
              -0.0,
              4.414644431192426e-16
            ],
            [
              -6.123233995736764e-17,
              -0.4999999999999998,
              0.8660254037844388,
              7.209661486505453
            ],
            [
              1.0605752387249072e-16,
              0.8660254037844388,
              0.4999999999999998,
              4.1625
            ],
            [
              0.0,
              0.0,
              0.0,
              1.0
            ]
          ]
        },
        {
          "camera_name": "camera_15",
          "camera_width": 1920,
          "camera_height": 1080,
          "camera_angle_x": 0.7853981852531433,
          "camera_angle_y": 0.45782234845589415,
          "transform_matrix": [
            [
              -1.0,
              1.2246467991473532e-16,
              -0.0,
              4.708954059938588e-16
            ],
            [
              -6.123233995736764e-17,
              -0.4999999999999998,
              0.8660254037844388,
              7.690305585605817
            ],
            [
              1.0605752387249072e-16,
              0.8660254037844388,
              0.4999999999999998,
              4.4399999999999995
            ],
            [
              0.0,
              0.0,
              0.0,
              1.0
            ]
          ]
        },
        {
          "camera_name": "camera_16",
          "camera_width": 1920,
          "camera_height": 1080,
          "camera_angle_x": 0.7853981852531433,
          "camera_angle_y": 0.45782234845589415,
          "transform_matrix": [
            [
              -1.0,
              1.2246467991473532e-16,
              -0.0,
              5.003263688684749e-16
            ],
            [
              -6.123233995736764e-17,
              -0.4999999999999998,
              0.8660254037844388,
              8.17094968470618
            ],
            [
              1.0605752387249072e-16,
              0.8660254037844388,
              0.4999999999999998,
              4.717499999999999
            ],
            [
              0.0,
              0.0,
              0.0,
              1.0
            ]
          ]
        },
        {
          "camera_name": "camera_17",
          "camera_width": 1920,
          "camera_height": 1080,
          "camera_angle_x": 0.7853981852531433,
          "camera_angle_y": 0.45782234845589415,
          "transform_matrix": [
            [
              -1.0,
              1.2246467991473532e-16,
              -0.0,
              5.297573317430911e-16
            ],
            [
              -6.123233995736764e-17,
              -0.4999999999999998,
              0.8660254037844388,
              8.651593783806543
            ],
            [
              1.0605752387249072e-16,
              0.8660254037844388,
              0.4999999999999998,
              4.994999999999999
            ],
            [
              0.0,
              0.0,
              0.0,
              1.0
            ]
          ]
        },
        {
          "camera_name": "camera_18",
          "camera_width": 1920,
          "camera_height": 1080,
          "camera_angle_x": 0.7853981852531433,
          "camera_angle_y": 0.45782234845589415,
          "transform_matrix": [
            [
              -1.0,
              1.2246467991473532e-16,
              -0.0,
              5.591882946177072e-16
            ],
            [
              -6.123233995736764e-17,
              -0.4999999999999998,
              0.8660254037844388,
              9.132237882906907
            ],
            [
              1.0605752387249072e-16,
              0.8660254037844388,
              0.4999999999999998,
              5.272499999999999
            ],
            [
              0.0,
              0.0,
              0.0,
              1.0
            ]
          ]
        },
        {
          "camera_name": "camera_19",
          "camera_width": 1920,
          "camera_height": 1080,
          "camera_angle_x": 0.7853981852531433,
          "camera_angle_y": 0.45782234845589415,
          "transform_matrix": [
            [
              -1.0,
              1.2246467991473532e-16,
              -0.0,
              5.886192574923235e-16
            ],
            [
              -6.123233995736764e-17,
              -0.4999999999999998,
              0.8660254037844388,
              9.612881982007272
            ],
            [
              1.0605752387249072e-16,
              0.8660254037844388,
              0.4999999999999998,
              5.55
            ],
            [
              0.0,
              0.0,
              0.0,
              1.0
            ]
          ]
        },
        {
          "camera_name": "camera_0",
          "camera_width": 1920,
          "camera_height": 1080,
          "camera_angle_x": 0.7853981852531433,
          "camera_angle_y": 0.45782234845589415,
          "transform_matrix": [
            [
              -1.0,
              1.2246467991473532e-16,
              -0.0,
              2.4030280560534944e-17
            ],
            [
              -8.659560562354932e-17,
              -0.7071067811865475,
              0.7071067811865476,
              0.39244426355853396
            ],
            [
              8.659560562354934e-17,
              0.7071067811865476,
              0.7071067811865475,
              0.3924442635585339
            ],
            [
              0.0,
              0.0,
              0.0,
              1.0
            ]
          ]
        },
        {
          "camera_name": "camera_1",
          "camera_width": 1920,
          "camera_height": 1080,
          "camera_angle_x": 0.7853981852531433,
          "camera_angle_y": 0.45782234845589415,
          "transform_matrix": [
            [
              -1.0,
              1.2246467991473532e-16,
              -0.0,
              4.806056112106989e-17
            ],
            [
              -8.659560562354932e-17,
              -0.7071067811865475,
              0.7071067811865476,
              0.7848885271170679
            ],
            [
              8.659560562354934e-17,
              0.7071067811865476,
              0.7071067811865475,
              0.7848885271170678
            ],
            [
              0.0,
              0.0,
              0.0,
              1.0
            ]
          ]
        },
        {
          "camera_name": "camera_2",
          "camera_width": 1920,
          "camera_height": 1080,
          "camera_angle_x": 0.7853981852531433,
          "camera_angle_y": 0.45782234845589415,
          "transform_matrix": [
            [
              -1.0,
              1.2246467991473532e-16,
              -0.0,
              7.209084168160482e-17
            ],
            [
              -8.659560562354932e-17,
              -0.7071067811865475,
              0.7071067811865476,
              1.1773327906756017
            ],
            [
              8.659560562354934e-17,
              0.7071067811865476,
              0.7071067811865475,
              1.1773327906756015
            ],
            [
              0.0,
              0.0,
              0.0,
              1.0
            ]
          ]
        },
        {
          "camera_name": "camera_3",
          "camera_width": 1920,
          "camera_height": 1080,
          "camera_angle_x": 0.7853981852531433,
          "camera_angle_y": 0.45782234845589415,
          "transform_matrix": [
            [
              -1.0,
              1.2246467991473532e-16,
              -0.0,
              9.612112224213978e-17
            ],
            [
              -8.659560562354932e-17,
              -0.7071067811865475,
              0.7071067811865476,
              1.5697770542341358
            ],
            [
              8.659560562354934e-17,
              0.7071067811865476,
              0.7071067811865475,
              1.5697770542341356
            ],
            [
              0.0,
              0.0,
              0.0,
              1.0
            ]
          ]
        },
        {
          "camera_name": "camera_4",
          "camera_width": 1920,
          "camera_height": 1080,
          "camera_angle_x": 0.7853981852531433,
          "camera_angle_y": 0.45782234845589415,
          "transform_matrix": [
            [
              -1.0,
              1.2246467991473532e-16,
              -0.0,
              1.2015140280267472e-16
            ],
            [
              -8.659560562354932e-17,
              -0.7071067811865475,
              0.7071067811865476,
              1.9622213177926697
            ],
            [
              8.659560562354934e-17,
              0.7071067811865476,
              0.7071067811865475,
              1.9622213177926695
            ],
            [
              0.0,
              0.0,
              0.0,
              1.0
            ]
          ]
        },
        {
          "camera_name": "camera_5",
          "camera_width": 1920,
          "camera_height": 1080,
          "camera_angle_x": 0.7853981852531433,
          "camera_angle_y": 0.45782234845589415,
          "transform_matrix": [
            [
              -1.0,
              1.2246467991473532e-16,
              -0.0,
              1.4418168336320964e-16
            ],
            [
              -8.659560562354932e-17,
              -0.7071067811865475,
              0.7071067811865476,
              2.3546655813512034
            ],
            [
              8.659560562354934e-17,
              0.7071067811865476,
              0.7071067811865475,
              2.354665581351203
            ],
            [
              0.0,
              0.0,
              0.0,
              1.0
            ]
          ]
        },
        {
          "camera_name": "camera_6",
          "camera_width": 1920,
          "camera_height": 1080,
          "camera_angle_x": 0.7853981852531433,
          "camera_angle_y": 0.45782234845589415,
          "transform_matrix": [
            [
              -1.0,
              1.2246467991473532e-16,
