{
  "layouts": [
    {
      "layout_name": "layout_0",
      "assets": [
        {
          "asset_kind": "matrixcity",
          "asset_name": "matrixcity-12w-blackbg-rectified",
          "ply_suffix": "point_cloud/iteration_120000/fused.ply",
          "bundle_kind": "matrixcity",
          "bundle_name": "matrixcity-12w-blackbg-rectified_250414-183146_iter640_nginc4096_ncincg2",
          "instances": [
            {
              "instance_name": "matrixcity-cropped_0.00_0.00",
              "scale": 1.0,
              "quaternions": [
                1.0,
                0.0,
                0.0,
                0.0
              ],
              "positions": [
                0.0,
                0.0,
                0.0
              ]
            }
          ]
        }
      ],
      "cameras": [
        {
          "camera_name": "camera_0",
          "camera_width": 1920,
          "camera_height": 1080,
          "camera_angle_x": 0.7853981852531433,
          "camera_angle_y": 0.45782234845589415,
          "transform_matrix": [
            [
              -1.0,
              1.2246467991473532e-16,
              -0.0,
              5.766725110471016e-17
            ],
            [
              -3.169619151431762e-17,
              -0.2588190451025205,
              0.9659258262890683,
              0.9417776806318416
            ],
            [
              1.1829179713786698e-16,
              0.9659258262890683,
              0.2588190451025205,
              0.2523485689749577
            ],
            [
              0.0,
              0.0,
              0.0,
              1.0
            ]
          ]
        },
        {
          "camera_name": "camera_1",
          "camera_width": 1920,
          "camera_height": 1080,
          "camera_angle_x": 0.7853981852531433,
          "camera_angle_y": 0.45782234845589415,
          "transform_matrix": [
            [
              -1.0,
              1.2246467991473532e-16,
              -0.0,
              1.1533450220942032e-16
            ],
            [
              -3.169619151431762e-17,
              -0.2588190451025205,
              0.9659258262890683,
              1.8835553612636833
            ],
            [
              1.1829179713786698e-16,
              0.9659258262890683,
              0.2588190451025205,
              0.5046971379499154
            ],
            [
              0.0,
              0.0,
              0.0,
              1.0
            ]
          ]
        },
        {
          "camera_name": "camera_2",
          "camera_width": 1920,
          "camera_height": 1080,
          "camera_angle_x": 0.7853981852531433,
          "camera_angle_y": 0.45782234845589415,
          "transform_matrix": [
            [
              -1.0,
              1.2246467991473532e-16,
              -0.0,
              1.7300175331413044e-16
            ],
            [
              -3.169619151431762e-17,
              -0.2588190451025205,
              0.9659258262890683,
              2.8253330418955245
            ],
            [
              1.1829179713786698e-16,
              0.9659258262890683,
              0.2588190451025205,
              0.7570457069248732
            ],
            [
              0.0,
              0.0,
              0.0,
              1.0
            ]
          ]
        },
        {
          "camera_name": "camera_3",
          "camera_width": 1920,
          "camera_height": 1080,
          "camera_angle_x": 0.7853981852531433,
          "camera_angle_y": 0.45782234845589415,
          "transform_matrix": [
            [
              -1.0,
              1.2246467991473532e-16,
              -0.0,
              2.3066900441884064e-16
            ],
            [
              -3.169619151431762e-17,
              -0.2588190451025205,
              0.9659258262890683,
              3.7671107225273666
            ],
            [
              1.1829179713786698e-16,
              0.9659258262890683,
              0.2588190451025205,
              1.0093942758998309
            ],
            [
              0.0,
              0.0,
              0.0,
              1.0
            ]
          ]
        },
        {
          "camera_name": "camera_4",
          "camera_width": 1920,
          "camera_height": 1080,
          "camera_angle_x": 0.7853981852531433,
          "camera_angle_y": 0.45782234845589415,
          "transform_matrix": [
            [
              -1.0,
              1.2246467991473532e-16,
              -0.0,
              2.8833625552355076e-16
            ],
            [
              -3.169619151431762e-17,
              -0.2588190451025205,
              0.9659258262890683,
              4.708888403159208
            ],
            [
              1.1829179713786698e-16,
              0.9659258262890683,
              0.2588190451025205,
              1.2617428448747887
            ],
            [
              0.0,
              0.0,
              0.0,
              1.0
            ]
          ]
        },
        {
          "camera_name": "camera_5",
          "camera_width": 1920,
          "camera_height": 1080,
          "camera_angle_x": 0.7853981852531433,
          "camera_angle_y": 0.45782234845589415,
          "transform_matrix": [
            [
              -1.0,
              1.2246467991473532e-16,
              -0.0,
              3.460035066282609e-16
            ],
            [
              -3.169619151431762e-17,
              -0.2588190451025205,
              0.9659258262890683,
              5.650666083791049
            ],
            [
              1.1829179713786698e-16,
              0.9659258262890683,
              0.2588190451025205,
              1.5140914138497463
            ],
            [
              0.0,
              0.0,
              0.0,
              1.0
            ]
          ]
        },
        {
          "camera_name": "camera_6",
          "camera_width": 1920,
          "camera_height": 1080,
          "camera_angle_x": 0.7853981852531433,
          "camera_angle_y": 0.45782234845589415,
          "transform_matrix": [
            [
              -1.0,
              1.2246467991473532e-16,
              -0.0,
              4.0367075773297106e-16
            ],
            [
              -3.169619151431762e-17,
              -0.2588190451025205,
              0.9659258262890683,
              6.592443764422891
            ],
            [
              1.1829179713786698e-16,
              0.9659258262890683,
              0.2588190451025205,
              1.766439982824704
            ],
            [
              0.0,
              0.0,
              0.0,
              1.0
            ]
          ]
        },
        {
          "camera_name": "camera_7",
          "camera_width": 1920,
          "camera_height": 1080,
          "camera_angle_x": 0.7853981852531433,
          "camera_angle_y": 0.45782234845589415,
          "transform_matrix": [
            [
              -1.0,
              1.2246467991473532e-16,
              -0.0,
              4.613380088376813e-16
            ],
            [
              -3.169619151431762e-17,
              -0.2588190451025205,
              0.9659258262890683,
              7.534221445054733
            ],
            [
              1.1829179713786698e-16,
              0.9659258262890683,
              0.2588190451025205,
              2.0187885517996618
            ],
            [
              0.0,
              0.0,
              0.0,
              1.0
            ]
          ]
        },
        {
          "camera_name": "camera_8",
          "camera_width": 1920,
          "camera_height": 1080,
          "camera_angle_x": 0.7853981852531433,
          "camera_angle_y": 0.45782234845589415,
          "transform_matrix": [
            [
              -1.0,
              1.2246467991473532e-16,
              -0.0,
              5.190052599423915e-16
            ],
            [
              -3.169619151431762e-17,
              -0.2588190451025205,
              0.9659258262890683,
              8.475999125686576
            ],
            [
              1.1829179713786698e-16,
              0.9659258262890683,
              0.2588190451025205,
              2.2711371207746196
            ],
            [
              0.0,
              0.0,
              0.0,
              1.0
            ]
          ]
        },
        {
          "camera_name": "camera_9",
          "camera_width": 1920,
          "camera_height": 1080,
          "camera_angle_x": 0.7853981852531433,
          "camera_angle_y": 0.45782234845589415,
          "transform_matrix": [
            [
              -1.0,
              1.2246467991473532e-16,
              -0.0,
              5.766725110471015e-16
            ],
            [
              -3.169619151431762e-17,
              -0.2588190451025205,
              0.9659258262890683,
              9.417776806318416
            ],
            [
              1.1829179713786698e-16,
              0.9659258262890683,
              0.2588190451025205,
              2.5234856897495774
            ],
            [
              0.0,
              0.0,
              0.0,
              1.0
            ]
          ]
        },
        {
          "camera_name": "camera_10",
          "camera_width": 1920,
          "camera_height": 1080,
          "camera_angle_x": 0.7853981852531433,
          "camera_angle_y": 0.45782234845589415,
          "transform_matrix": [
            [
              -1.0,
              1.2246467991473532e-16,
              -0.0,
              6.343397621518118e-16
            ],
            [
              -3.169619151431762e-17,
              -0.2588190451025205,
              0.9659258262890683,
              10.359554486950259
            ],
            [
              1.1829179713786698e-16,
              0.9659258262890683,
              0.2588190451025205,
              2.7758342587245353
            ],
            [
              0.0,
              0.0,
              0.0,
              1.0
            ]
          ]
        },
        {
          "camera_name": "camera_11",
          "camera_width": 1920,
          "camera_height": 1080,
          "camera_angle_x": 0.7853981852531433,
          "camera_angle_y": 0.45782234845589415,
          "transform_matrix": [
            [
              -1.0,
              1.2246467991473532e-16,
              -0.0,
              6.920070132565218e-16
            ],
            [
              -3.169619151431762e-17,
              -0.2588190451025205,
              0.9659258262890683,
              11.301332167582098
            ],
            [
              1.1829179713786698e-16,
              0.9659258262890683,
              0.2588190451025205,
              3.0281828276994927
            ],
            [
              0.0,
              0.0,
              0.0,
              1.0
            ]
          ]
        },
        {
          "camera_name": "camera_12",
          "camera_width": 1920,
          "camera_height": 1080,
          "camera_angle_x": 0.7853981852531433,
          "camera_angle_y": 0.45782234845589415,
          "transform_matrix": [
            [
              -1.0,
              1.2246467991473532e-16,
              -0.0,
              7.49674264361232e-16
            ],
            [
              -3.169619151431762e-17,
              -0.2588190451025205,
              0.9659258262890683,
              12.243109848213942
            ],
            [
              1.1829179713786698e-16,
              0.9659258262890683,
              0.2588190451025205,
              3.2805313966744505
            ],
            [
              0.0,
              0.0,
              0.0,
              1.0
            ]
          ]
        },
        {
          "camera_name": "camera_13",
          "camera_width": 1920,
          "camera_height": 1080,
          "camera_angle_x": 0.7853981852531433,
          "camera_angle_y": 0.45782234845589415,
          "transform_matrix": [
            [
              -1.0,
              1.2246467991473532e-16,
              -0.0,
              8.073415154659421e-16
            ],
            [
              -3.169619151431762e-17,
              -0.2588190451025205,
              0.9659258262890683,
              13.184887528845781
            ],
            [
              1.1829179713786698e-16,
              0.9659258262890683,
              0.2588190451025205,
              3.532879965649408
            ],
            [
              0.0,
              0.0,
              0.0,
              1.0
            ]
          ]
        },
        {
          "camera_name": "camera_14",
          "camera_width": 1920,
          "camera_height": 1080,
          "camera_angle_x": 0.7853981852531433,
          "camera_angle_y": 0.45782234845589415,
          "transform_matrix": [
            [
              -1.0,
              1.2246467991473532e-16,
              -0.0,
              8.650087665706523e-16
            ],
            [
              -3.169619151431762e-17,
              -0.2588190451025205,
              0.9659258262890683,
              14.126665209477624
            ],
            [
              1.1829179713786698e-16,
              0.9659258262890683,
              0.2588190451025205,
              3.7852285346243657
            ],
            [
              0.0,
              0.0,
              0.0,
              1.0
            ]
          ]
        },
        {
          "camera_name": "camera_15",
          "camera_width": 1920,
          "camera_height": 1080,
          "camera_angle_x": 0.7853981852531433,
          "camera_angle_y": 0.45782234845589415,
          "transform_matrix": [
            [
              -1.0,
              1.2246467991473532e-16,
              -0.0,
              9.226760176753626e-16
            ],
            [
              -3.169619151431762e-17,
              -0.2588190451025205,
              0.9659258262890683,
              15.068442890109466
            ],
            [
              1.1829179713786698e-16,
              0.9659258262890683,
              0.2588190451025205,
              4.0375771035993235
            ],
            [
              0.0,
              0.0,
              0.0,
              1.0
            ]
          ]
        },
        {
          "camera_name": "camera_16",
          "camera_width": 1920,
          "camera_height": 1080,
          "camera_angle_x": 0.7853981852531433,
          "camera_angle_y": 0.45782234845589415,
          "transform_matrix": [
            [
              -1.0,
              1.2246467991473532e-16,
              -0.0,
              9.803432687800726e-16
            ],
            [
              -3.169619151431762e-17,
              -0.2588190451025205,
              0.9659258262890683,
              16.010220570741307
            ],
            [
              1.1829179713786698e-16,
              0.9659258262890683,
              0.2588190451025205,
              4.289925672574281
            ],
            [
              0.0,
              0.0,
              0.0,
              1.0
            ]
          ]
        },
        {
          "camera_name": "camera_17",
          "camera_width": 1920,
          "camera_height": 1080,
          "camera_angle_x": 0.7853981852531433,
          "camera_angle_y": 0.45782234845589415,
          "transform_matrix": [
            [
              -1.0,
              1.2246467991473532e-16,
              -0.0,
              1.038010519884783e-15
            ],
            [
              -3.169619151431762e-17,
              -0.2588190451025205,
              0.9659258262890683,
              16.95199825137315
            ],
            [
              1.1829179713786698e-16,
              0.9659258262890683,
              0.2588190451025205,
              4.542274241549239
            ],
            [
              0.0,
              0.0,
              0.0,
              1.0
            ]
          ]
        },
        {
          "camera_name": "camera_18",
          "camera_width": 1920,
          "camera_height": 1080,
          "camera_angle_x": 0.7853981852531433,
          "camera_angle_y": 0.45782234845589415,
          "transform_matrix": [
            [
              -1.0,
              1.2246467991473532e-16,
              -0.0,
              1.0956777709894928e-15
            ],
            [
              -3.169619151431762e-17,
              -0.2588190451025205,
              0.9659258262890683,
              17.89377593200499
            ],
            [
              1.1829179713786698e-16,
              0.9659258262890683,
              0.2588190451025205,
              4.794622810524197
            ],
            [
              0.0,
              0.0,
              0.0,
              1.0
            ]
          ]
        },
        {
          "camera_name": "camera_19",
          "camera_width": 1920,
          "camera_height": 1080,
          "camera_angle_x": 0.7853981852531433,
          "camera_angle_y": 0.45782234845589415,
          "transform_matrix": [
            [
              -1.0,
              1.2246467991473532e-16,
              -0.0,
              1.153345022094203e-15
            ],
            [
              -3.169619151431762e-17,
              -0.2588190451025205,
              0.9659258262890683,
              18.835553612636833
            ],
            [
              1.1829179713786698e-16,
              0.9659258262890683,
              0.2588190451025205,
              5.046971379499155
            ],
            [
              0.0,
              0.0,
              0.0,
              1.0
            ]
          ]
        },
        {
          "camera_name": "camera_0",
          "camera_width": 1920,
          "camera_height": 1080,
          "camera_angle_x": 0.7853981852531433,
          "camera_angle_y": 0.45782234845589415,
          "transform_matrix": [
            [
              -1.0,
              1.2246467991473532e-16,
              -0.0,
              5.170304288783922e-17
            ],
            [
              -6.123233995736764e-17,
              -0.4999999999999998,
              0.8660254037844388,
              0.8443747686898279
            ],
            [
              1.0605752387249072e-16,
              0.8660254037844388,
              0.4999999999999998,
              0.4875
            ],
            [
              0.0,
              0.0,
              0.0,
              1.0
            ]
          ]
        },
        {
          "camera_name": "camera_1",
          "camera_width": 1920,
          "camera_height": 1080,
          "camera_angle_x": 0.7853981852531433,
          "camera_angle_y": 0.45782234845589415,
          "transform_matrix": [
            [
              -1.0,
              1.2246467991473532e-16,
              -0.0,
              1.0340608577567844e-16
            ],
            [
              -6.123233995736764e-17,
              -0.4999999999999998,
              0.8660254037844388,
              1.6887495373796557
            ],
            [
              1.0605752387249072e-16,
              0.8660254037844388,
              0.4999999999999998,
              0.975
            ],
            [
              0.0,
              0.0,
              0.0,
              1.0
            ]
          ]
        },
        {
          "camera_name": "camera_2",
          "camera_width": 1920,
          "camera_height": 1080,
          "camera_angle_x": 0.7853981852531433,
          "camera_angle_y": 0.45782234845589415,
          "transform_matrix": [
            [
              -1.0,
              1.2246467991473532e-16,
              -0.0,
              1.5510912866351763e-16
            ],
            [
              -6.123233995736764e-17,
              -0.4999999999999998,
              0.8660254037844388,
              2.533124306069483
            ],
            [
              1.0605752387249072e-16,
              0.8660254037844388,
              0.4999999999999998,
              1.4624999999999997
            ],
            [
              0.0,
              0.0,
              0.0,
              1.0
            ]
          ]
        },
        {
          "camera_name": "camera_3",
          "camera_width": 1920,
          "camera_height": 1080,
          "camera_angle_x": 0.7853981852531433,
          "camera_angle_y": 0.45782234845589415,
          "transform_matrix": [
            [
              -1.0,
              1.2246467991473532e-16,
              -0.0,
              2.0681217155135688e-16
            ],
            [
              -6.123233995736764e-17,
              -0.4999999999999998,
              0.8660254037844388,
              3.3774990747593114
            ],
            [
              1.0605752387249072e-16,
              0.8660254037844388,
              0.4999999999999998,
              1.95
            ],
            [
              0.0,
              0.0,
              0.0,
              1.0
            ]
          ]
        },
        {
          "camera_name": "camera_4",
          "camera_width": 1920,
          "camera_height": 1080,
          "camera_angle_x": 0.7853981852531433,
          "camera_angle_y": 0.45782234845589415,
          "transform_matrix": [
            [
              -1.0,
              1.2246467991473532e-16,
              -0.0,
              2.5851521443919605e-16
            ],
            [
              -6.123233995736764e-17,
              -0.4999999999999998,
              0.8660254037844388,
              4.2218738434491385
            ],
            [
              1.0605752387249072e-16,
              0.8660254037844388,
              0.4999999999999998,
              2.4374999999999996
            ],
            [
              0.0,
              0.0,
              0.0,
              1.0
            ]
          ]
        },
        {
          "camera_name": "camera_5",
          "camera_width": 1920,
          "camera_height": 1080,
          "camera_angle_x": 0.7853981852531433,
          "camera_angle_y": 0.45782234845589415,
          "transform_matrix": [
            [
              -1.0,
              1.2246467991473532e-16,
              -0.0,
              3.1021825732703525e-16
            ],
            [
              -6.123233995736764e-17,
              -0.4999999999999998,
              0.8660254037844388,
              5.066248612138966
            ],
            [
              1.0605752387249072e-16,
              0.8660254037844388,
              0.4999999999999998,
              2.9249999999999994
            ],
            [
              0.0,
              0.0,
              0.0,
              1.0
            ]
          ]
        },
        {
          "camera_name": "camera_6",
          "camera_width": 1920,
          "camera_height": 1080,
          "camera_angle_x": 0.7853981852531433,
          "camera_angle_y": 0.45782234845589415,
          "transform_matrix": [
            [
              -1.0,
              1.2246467991473532e-16,
              -0.0,
              3.6192130021487445e-16
            ],
            [
              -6.123233995736764e-17,
              -0.4999999999999998,
              0.8660254037844388,
              5.910623380828794
            ],
            [
              1.0605752387249072e-16,
              0.8660254037844388,
              0.4999999999999998,
              3.412499999999999
            ],
            [
              0.0,
              0.0,
              0.0,
              1.0
            ]
          ]
        },
        {
          "camera_name": "camera_7",
          "camera_width": 1920,
          "camera_height": 1080,
          "camera_angle_x": 0.7853981852531433,
          "camera_angle_y": 0.45782234845589415,
          "transform_matrix": [
            [
              -1.0,
              1.2246467991473532e-16,
              -0.0,
              4.1362434310271375e-16
            ],
            [
              -6.123233995736764e-17,
              -0.4999999999999998,
              0.8660254037844388,
              6.754998149518623
            ],
            [
              1.0605752387249072e-16,
              0.8660254037844388,
              0.4999999999999998,
              3.9
            ],
            [
              0.0,
              0.0,
              0.0,
              1.0
            ]
          ]
        },
        {
          "camera_name": "camera_8",
          "camera_width": 1920,
          "camera_height": 1080,
          "camera_angle_x": 0.7853981852531433,
          "camera_angle_y": 0.45782234845589415,
          "transform_matrix": [
            [
              -1.0,
              1.2246467991473532e-16,
              -0.0,
              4.65327385990553e-16
            ],
            [
              -6.123233995736764e-17,
              -0.4999999999999998,
              0.8660254037844388,
              7.59937291820845
            ],
            [
              1.0605752387249072e-16,
              0.8660254037844388,
              0.4999999999999998,
              4.387499999999999
            ],
            [
              0.0,
              0.0,
              0.0,
              1.0
            ]
          ]
        },
        {
          "camera_name": "camera_9",
          "camera_width": 1920,
          "camera_height": 1080,
          "camera_angle_x": 0.7853981852531433,
          "camera_angle_y": 0.45782234845589415,
          "transform_matrix": [
            [
              -1.0,
              1.2246467991473532e-16,
              -0.0,
              5.170304288783921e-16
            ],
            [
              -6.123233995736764e-17,
              -0.4999999999999998,
              0.8660254037844388,
              8.443747686898277
            ],
            [
              1.0605752387249072e-16,
              0.8660254037844388,
              0.4999999999999998,
              4.874999999999999
            ],
            [
              0.0,
              0.0,
              0.0,
              1.0
            ]
          ]
        },
        {
          "camera_name": "camera_10",
          "camera_width": 1920,
          "camera_height": 1080,
          "camera_angle_x": 0.7853981852531433,
          "camera_angle_y": 0.45782234845589415,
          "transform_matrix": [
            [
              -1.0,
              1.2246467991473532e-16,
              -0.0,
              5.687334717662315e-16
            ],
            [
              -6.123233995736764e-17,
              -0.4999999999999998,
              0.8660254037844388,
              9.288122455588107
            ],
            [
              1.0605752387249072e-16,
              0.8660254037844388,
              0.4999999999999998,
              5.3625
            ],
            [
              0.0,
              0.0,
              0.0,
              1.0
            ]
          ]
        },
        {
          "camera_name": "camera_11",
          "camera_width": 1920,
          "camera_height": 1080,
          "camera_angle_x": 0.7853981852531433,
          "camera_angle_y": 0.45782234845589415,
          "transform_matrix": [
            [
              -1.0,
              1.2246467991473532e-16,
              -0.0,
              6.204365146540705e-16
            ],
            [
              -6.123233995736764e-17,
              -0.4999999999999998,
              0.8660254037844388,
              10.132497224277932
            ],
            [
              1.0605752387249072e-16,
              0.8660254037844388,
              0.4999999999999998,
              5.849999999999999
            ],
            [
              0.0,
              0.0,
              0.0,
              1.0
            ]
          ]
        },
        {
          "camera_name": "camera_12",
          "camera_width": 1920,
          "camera_height": 1080,
          "camera_angle_x": 0.7853981852531433,
          "camera_angle_y": 0.45782234845589415,
          "transform_matrix": [
            [
              -1.0,
              1.2246467991473532e-16,
              -0.0,
              6.721395575419098e-16
            ],
            [
              -6.123233995736764e-17,
              -0.4999999999999998,
              0.8660254037844388,
              10.97687199296776
            ],
            [
              1.0605752387249072e-16,
              0.8660254037844388,
              0.4999999999999998,
              6.3374999999999995
            ],
            [
              0.0,
              0.0,
              0.0,
              1.0
            ]
          ]
        },
        {
          "camera_name": "camera_13",
          "camera_width": 1920,
          "camera_height": 1080,
          "camera_angle_x": 0.7853981852531433,
          "camera_angle_y": 0.45782234845589415,
          "transform_matrix": [
            [
              -1.0,
              1.2246467991473532e-16,
              -0.0,
              7.238426004297489e-16
            ],
            [
              -6.123233995736764e-17,
              -0.4999999999999998,
              0.8660254037844388,
              11.821246761657587
            ],
            [
              1.0605752387249072e-16,
              0.8660254037844388,
              0.4999999999999998,
              6.824999999999998
            ],
            [
              0.0,
              0.0,
              0.0,
              1.0
            ]
          ]
        },
        {
          "camera_name": "camera_14",
          "camera_width": 1920,
          "camera_height": 1080,
          "camera_angle_x": 0.7853981852531433,
          "camera_angle_y": 0.45782234845589415,
          "transform_matrix": [
            [
              -1.0,
              1.2246467991473532e-16,
              -0.0,
              7.755456433175882e-16
            ],
            [
              -6.123233995736764e-17,
              -0.4999999999999998,
              0.8660254037844388,
              12.665621530347416
            ],
            [
              1.0605752387249072e-16,
              0.8660254037844388,
              0.4999999999999998,
              7.312499999999999
            ],
            [
              0.0,
              0.0,
              0.0,
              1.0
            ]
          ]
        },
        {
          "camera_name": "camera_15",
          "camera_width": 1920,
          "camera_height": 1080,
          "camera_angle_x": 0.7853981852531433,
          "camera_angle_y": 0.45782234845589415,
          "transform_matrix": [
            [
              -1.0,
              1.2246467991473532e-16,
              -0.0,
              8.272486862054275e-16
            ],
            [
              -6.123233995736764e-17,
              -0.4999999999999998,
              0.8660254037844388,
              13.509996299037246
            ],
            [
              1.0605752387249072e-16,
              0.8660254037844388,
              0.4999999999999998,
              7.8
            ],
            [
              0.0,
              0.0,
              0.0,
              1.0
            ]
          ]
        },
        {
          "camera_name": "camera_16",
          "camera_width": 1920,
          "camera_height": 1080,
          "camera_angle_x": 0.7853981852531433,
          "camera_angle_y": 0.45782234845589415,
          "transform_matrix": [
            [
              -1.0,
              1.2246467991473532e-16,
              -0.0,
              8.789517290932666e-16
            ],
            [
              -6.123233995736764e-17,
              -0.4999999999999998,
              0.8660254037844388,
              14.35437106772707
            ],
            [
              1.0605752387249072e-16,
              0.8660254037844388,
              0.4999999999999998,
              8.287499999999998
            ],
            [
              0.0,
              0.0,
              0.0,
              1.0
            ]
          ]
        },
        {
          "camera_name": "camera_17",
          "camera_width": 1920,
          "camera_height": 1080,
          "camera_angle_x": 0.7853981852531433,
          "camera_angle_y": 0.45782234845589415,
          "transform_matrix": [
            [
              -1.0,
              1.2246467991473532e-16,
              -0.0,
              9.30654771981106e-16
            ],
            [
              -6.123233995736764e-17,
              -0.4999999999999998,
              0.8660254037844388,
              15.1987458364169
            ],
            [
              1.0605752387249072e-16,
              0.8660254037844388,
              0.4999999999999998,
              8.774999999999999
            ],
            [
              0.0,
              0.0,
              0.0,
              1.0
            ]
          ]
        },
        {
          "camera_name": "camera_18",
          "camera_width": 1920,
          "camera_height": 1080,
          "camera_angle_x": 0.7853981852531433,
          "camera_angle_y": 0.45782234845589415,
          "transform_matrix": [
            [
              -1.0,
              1.2246467991473532e-16,
              -0.0,
              9.82357814868945e-16
            ],
            [
              -6.123233995736764e-17,
              -0.4999999999999998,
              0.8660254037844388,
              16.043120605106726
            ],
            [
              1.0605752387249072e-16,
              0.8660254037844388,
              0.4999999999999998,
              9.262499999999998
            ],
            [
              0.0,
              0.0,
              0.0,
              1.0
            ]
          ]
        },
        {
          "camera_name": "camera_19",
          "camera_width": 1920,
          "camera_height": 1080,
          "camera_angle_x": 0.7853981852531433,
          "camera_angle_y": 0.45782234845589415,
          "transform_matrix": [
            [
              -1.0,
              1.2246467991473532e-16,
              -0.0,
              1.0340608577567842e-15
            ],
            [
              -6.123233995736764e-17,
              -0.4999999999999998,
              0.8660254037844388,
              16.887495373796554
            ],
            [
              1.0605752387249072e-16,
              0.8660254037844388,
              0.4999999999999998,
              9.749999999999998
            ],
            [
              0.0,
              0.0,
              0.0,
              1.0
            ]
          ]
        },
        {
          "camera_name": "camera_0",
          "camera_width": 1920,
          "camera_height": 1080,
          "camera_angle_x": 0.7853981852531433,
          "camera_angle_y": 0.45782234845589415,
          "transform_matrix": [
            [
              -1.0,
              1.2246467991473532e-16,
              -0.0,
              4.2215357741480304e-17
            ],
            [
              -8.659560562354932e-17,
              -0.7071067811865475,
              0.7071067811865476,
              0.6894291116568839
            ],
            [
              8.659560562354934e-17,
              0.7071067811865476,
              0.7071067811865475,
              0.6894291116568838
            ],
            [
              0.0,
              0.0,
              0.0,
              1.0
            ]
          ]
        },
        {
          "camera_name": "camera_1",
          "camera_width": 1920,
          "camera_height": 1080,
          "camera_angle_x": 0.7853981852531433,
          "camera_angle_y": 0.45782234845589415,
          "transform_matrix": [
            [
              -1.0,
              1.2246467991473532e-16,
              -0.0,
              8.443071548296061e-17
            ],
            [
              -8.659560562354932e-17,
              -0.7071067811865475,
              0.7071067811865476,
              1.3788582233137678
            ],
            [
              8.659560562354934e-17,
              0.7071067811865476,
              0.7071067811865475,
              1.3788582233137676
            ],
            [
              0.0,
              0.0,
              0.0,
              1.0
            ]
          ]
        },
        {
          "camera_name": "camera_2",
          "camera_width": 1920,
          "camera_height": 1080,
          "camera_angle_x": 0.7853981852531433,
          "camera_angle_y": 0.45782234845589415,
          "transform_matrix": [
            [
              -1.0,
              1.2246467991473532e-16,
              -0.0,
              1.2664607322444089e-16
            ],
            [
              -8.659560562354932e-17,
              -0.7071067811865475,
              0.7071067811865476,
              2.0682873349706514
            ],
            [
              8.659560562354934e-17,
              0.7071067811865476,
              0.7071067811865475,
              2.068287334970651
            ],
            [
              0.0,
              0.0,
              0.0,
              1.0
            ]
          ]
        },
        {
          "camera_name": "camera_3",
          "camera_width": 1920,
          "camera_height": 1080,
          "camera_angle_x": 0.7853981852531433,
          "camera_angle_y": 0.45782234845589415,
          "transform_matrix": [
            [
              -1.0,
              1.2246467991473532e-16,
              -0.0,
              1.6886143096592121e-16
            ],
            [
              -8.659560562354932e-17,
              -0.7071067811865475,
              0.7071067811865476,
              2.7577164466275357
            ],
            [
              8.659560562354934e-17,
              0.7071067811865476,
              0.7071067811865475,
              2.7577164466275352
            ],
            [
              0.0,
              0.0,
              0.0,
              1.0
            ]
          ]
        },
        {
          "camera_name": "camera_4",
          "camera_width": 1920,
          "camera_height": 1080,
          "camera_angle_x": 0.7853981852531433,
          "camera_angle_y": 0.45782234845589415,
          "transform_matrix": [
            [
              -1.0,
              1.2246467991473532e-16,
              -0.0,
              2.1107678870740152e-16
            ],
            [
              -8.659560562354932e-17,
              -0.7071067811865475,
              0.7071067811865476,
              3.4471455582844195
            ],
            [
              8.659560562354934e-17,
              0.7071067811865476,
              0.7071067811865475,
              3.447145558284419
            ],
            [
              0.0,
              0.0,
              0.0,
              1.0
            ]
          ]
        },
        {
          "camera_name": "camera_5",
          "camera_width": 1920,
          "camera_height": 1080,
          "camera_angle_x": 0.7853981852531433,
          "camera_angle_y": 0.45782234845589415,
          "transform_matrix": [
            [
              -1.0,
              1.2246467991473532e-16,
              -0.0,
              2.5329214644888177e-16
            ],
            [
              -8.659560562354932e-17,
              -0.7071067811865475,
              0.7071067811865476,
              4.136574669941303
            ],
            [
              8.659560562354934e-17,
              0.7071067811865476,
              0.7071067811865475,
              4.136574669941302
            ],
            [
              0.0,
              0.0,
              0.0,
              1.0
            ]
          ]
        },
        {
          "camera_name": "camera_6",
          "camera_width": 1920,
          "camera_height": 1080,
          "camera_angle_x": 0.7853981852531433,
          "camera_angle_y": 0.45782234845589415,
          "transform_matrix": [
            [
              -1.0,
